1.611842833846999884e+09
1.611842833848999977e+09
1.611842833857000113e+09
1.611842833858000040e+09
1.611842833858000040e+09
1.611842833858999968e+09
1.611842833859999895e+09
1.611842833859999895e+09
1.611842833861000061e+09
1.611842833861999989e+09
1.611842833864000082e+09
1.611842833865000010e+09
1.611842833865000010e+09
1.611842833865999937e+09
1.611842833867000103e+09
1.611842833867000103e+09
1.611842833868000031e+09
1.611842833871000051e+09
1.611842833871999979e+09
1.611842833871999979e+09
1.611842833872999907e+09
1.611842833874000072e+09
1.611842833874000072e+09
1.611842833877000093e+09
1.611842833878000021e+09
1.611842833878000021e+09
1.611842833878999949e+09
1.611842833880000114e+09
1.611842833881999969e+09
1.611842833882999897e+09
1.611842833882999897e+09
1.611842833885999918e+09
1.611842833887000084e+09
1.611842833888999939e+09
1.611842833890000105e+09
1.611842833890000105e+09
1.611842833891000032e+09
1.611842833891999960e+09
1.611842833891999960e+09
1.611842833894999981e+09
1.611842833895999908e+09
1.611842833895999908e+09
1.611842833897000074e+09
1.611842833898000002e+09
1.611842833900000095e+09
1.611842833901000023e+09
1.611842833901000023e+09
1.611842833901999950e+09
1.611842833903000116e+09
1.611842833904999971e+09
1.611842833905999899e+09
1.611842833907999992e+09
1.611842833908999920e+09
1.611842833908999920e+09
1.611842833911999941e+09
1.611842833911999941e+09
1.611842833913000107e+09
1.611842833914000034e+09
1.611842833915999889e+09
1.611842833917000055e+09
1.611842833918999910e+09
1.611842833920000076e+09
1.611842833920000076e+09
1.611842833921000004e+09
1.611842833921999931e+09
1.611842833921999931e+09
1.611842833924999952e+09
1.611842833926000118e+09
1.611842833927999973e+09
1.611842833928999901e+09
1.611842833930000067e+09
1.611842833931999922e+09
1.611842833933000088e+09
1.611842833933000088e+09
1.611842833934000015e+09
1.611842833934999943e+09
1.611842833934999943e+09
1.611842833936000109e+09
1.611842833938999891e+09
1.611842833940000057e+09
1.611842833940000057e+09
1.611842833940999985e+09
1.611842833941999912e+09
1.611842833941999912e+09
1.611842833944999933e+09
1.611842833946000099e+09
1.611842833947999954e+09
1.611842833948999882e+09
1.611842833948999882e+09
1.611842833951999903e+09
1.611842833953000069e+09
1.611842833954999924e+09
1.611842833956000090e+09
1.611842833957000017e+09
1.611842833957000017e+09
1.611842833957999945e+09
1.611842833960999966e+09
1.611842833961999893e+09
1.611842833961999893e+09
1.611842833963000059e+09
1.611842833963999987e+09
1.611842833966000080e+09
1.611842833967000008e+09
1.611842833967000008e+09
1.611842833970000029e+09
1.611842833970999956e+09
1.611842833970999956e+09
1.611842833971999884e+09
1.611842833973000050e+09
1.611842833973000050e+09
1.611842833973999977e+09
1.611842833974999905e+09
1.611842833976999998e+09
1.611842833976999998e+09
1.611842833980000019e+09
1.611842833980000019e+09
1.611842833980999947e+09
1.611842833982000113e+09
1.611842833983999968e+09
1.611842833983999968e+09
1.611842833984999895e+09
1.611842833986000061e+09
1.611842833986000061e+09
1.611842833986999989e+09
1.611842833987999916e+09
1.611842833990000010e+09
1.611842833990000010e+09
1.611842833990999937e+09
1.611842833992000103e+09
1.611842833992000103e+09
1.611842833994999886e+09
1.611842833994999886e+09
1.611842833996000051e+09
1.611842833996999979e+09
1.611842833999000072e+09
1.611842833999000072e+09
1.611842834000000000e+09
1.611842834000999928e+09
1.611842834003000021e+09
1.611842834005000114e+09
1.611842834006000042e+09
1.611842834006999969e+09
1.611842834009000063e+09
1.611842834010999918e+09
1.611842834012000084e+09
1.611842834012000084e+09
1.611842834013000011e+09
1.611842834015000105e+09
1.611842834015000105e+09
1.611842834016000032e+09
1.611842834016999960e+09
1.611842834016999960e+09
1.611842834017999887e+09
1.611842834023000002e+09
1.611842834023000002e+09
1.611842834023999929e+09
1.611842834025000095e+09
1.611842834025000095e+09
1.611842834026000023e+09
1.611842834026999950e+09
1.611842834029000044e+09
1.611842834029999971e+09
1.611842834029999971e+09
1.611842834030999899e+09
1.611842834032000065e+09
1.611842834033999920e+09
1.611842834035000086e+09
1.611842834035000086e+09
1.611842834036000013e+09
1.611842834036999941e+09
1.611842834039000034e+09
1.611842834040999889e+09
1.611842834042000055e+09
1.611842834042000055e+09
1.611842834045000076e+09
1.611842834045000076e+09
1.611842834046000004e+09
1.611842834046999931e+09
1.611842834046999931e+09
1.611842834049999952e+09
1.611842834051000118e+09
1.611842834051000118e+09
1.611842834052000046e+09
1.611842834052999973e+09
1.611842834056999922e+09
1.611842834058000088e+09
1.611842834058000088e+09
1.611842834059000015e+09
1.611842834059999943e+09
1.611842834059999943e+09
1.611842834062999964e+09
1.611842834062999964e+09
1.611842834063999891e+09
1.611842834065000057e+09
1.611842834065000057e+09
1.611842834065999985e+09
1.611842834069000006e+09
1.611842834069000006e+09
1.611842834072000027e+09
1.611842834072000027e+09
1.611842834072999954e+09
1.611842834075999975e+09
1.611842834078000069e+09
1.611842834078999996e+09
1.611842834078999996e+09
1.611842834079999924e+09
1.611842834081000090e+09
1.611842834082999945e+09
1.611842834085000038e+09
1.611842834085999966e+09
1.611842834085999966e+09
1.611842834086999893e+09
1.611842834088000059e+09
1.611842834088000059e+09
1.611842834091000080e+09
1.611842834091000080e+09
1.611842834092000008e+09
1.611842834092999935e+09
1.611842834092999935e+09
1.611842834094000101e+09
1.611842834095000029e+09
1.611842834096999884e+09
1.611842834096999884e+09
1.611842834098000050e+09
1.611842834098999977e+09
1.611842834098999977e+09
1.611842834104000092e+09
1.611842834104000092e+09
1.611842834105000019e+09
1.611842834105999947e+09
1.611842834105999947e+09
1.611842834107000113e+09
1.611842834109999895e+09
1.611842834109999895e+09
1.611842834111000061e+09
1.611842834111999989e+09
1.611842834111999989e+09
1.611842834112999916e+09
1.611842834115999937e+09
1.611842834115999937e+09
1.611842834117000103e+09
1.611842834118000031e+09
1.611842834118000031e+09
1.611842834121000051e+09
1.611842834121000051e+09
1.611842834121999979e+09
1.611842834122999907e+09
1.611842834122999907e+09
1.611842834125999928e+09
1.611842834125999928e+09
1.611842834127000093e+09
1.611842834128000021e+09
1.611842834130000114e+09
1.611842834131999969e+09
1.611842834134000063e+09
1.611842834134999990e+09
1.611842834137000084e+09
1.611842834137000084e+09
1.611842834138000011e+09
1.611842834138999939e+09
1.611842834138999939e+09
1.611842834140000105e+09
1.611842834141000032e+09
1.611842834144000053e+09
1.611842834144000053e+09
1.611842834144999981e+09
1.611842834145999908e+09
1.611842834145999908e+09
1.611842834148999929e+09
1.611842834148999929e+09
1.611842834150000095e+09
1.611842834151000023e+09
1.611842834151000023e+09
1.611842834154000044e+09
1.611842834155999899e+09
1.611842834157000065e+09
1.611842834157999992e+09
1.611842834157999992e+09
1.611842834161000013e+09
1.611842834161000013e+09
1.611842834165999889e+09
1.611842834165999889e+09
1.611842834167000055e+09
1.611842834167999983e+09
1.611842834170000076e+09
1.611842834170000076e+09
1.611842834171000004e+09
1.611842834171999931e+09
1.611842834171999931e+09
1.611842834173000097e+09
1.611842834174000025e+09
1.611842834174000025e+09
1.611842834177000046e+09
1.611842834177999973e+09
1.611842834177999973e+09
1.611842834178999901e+09
1.611842834180000067e+09
1.611842834180000067e+09
1.611842834183000088e+09
1.611842834184000015e+09
1.611842834184000015e+09
1.611842834184999943e+09
1.611842834186000109e+09
1.611842834186000109e+09
1.611842834190999985e+09
1.611842834191999912e+09
1.611842834191999912e+09
1.611842834193000078e+09
1.611842834194000006e+09
1.611842834194000006e+09
1.611842834194999933e+09
1.611842834200000048e+09
1.611842834200999975e+09
1.611842834200999975e+09
1.611842834201999903e+09
1.611842834203000069e+09
1.611842834203000069e+09
1.611842834203999996e+09
1.611842834203999996e+09
1.611842834207000017e+09
1.611842834207999945e+09
1.611842834207999945e+09
1.611842834209000111e+09
1.611842834210000038e+09
1.611842834210000038e+09
1.611842834213000059e+09
1.611842834213999987e+09
1.611842834213999987e+09
1.611842834214999914e+09
1.611842834216000080e+09
1.611842834216000080e+09
1.611842834219000101e+09
1.611842834220000029e+09
1.611842834220000029e+09
1.611842834220999956e+09
1.611842834221999884e+09
1.611842834223999977e+09
1.611842834224999905e+09
1.611842834224999905e+09
1.611842834227999926e+09
1.611842834229000092e+09
1.611842834230999947e+09
1.611842834230999947e+09
1.611842834232000113e+09
1.611842834233000040e+09
1.611842834233000040e+09
1.611842834233999968e+09
1.611842834236999989e+09
1.611842834237999916e+09
1.611842834239000082e+09
1.611842834239000082e+09
1.611842834240999937e+09
1.611842834243999958e+09
1.611842834246000051e+09
1.611842834246999979e+09
1.611842834246999979e+09
1.611842834247999907e+09
1.611842834249000072e+09
1.611842834250999928e+09
1.611842834250999928e+09
1.611842834252000093e+09
1.611842834253000021e+09
1.611842834253000021e+09
1.611842834253999949e+09
1.611842834255000114e+09
1.611842834259000063e+09
1.611842834260999918e+09
1.611842834260999918e+09
1.611842834262000084e+09
1.611842834263000011e+09
1.611842834263000011e+09
1.611842834263999939e+09
1.611842834266999960e+09
1.611842834266999960e+09
1.611842834267999887e+09
1.611842834269000053e+09
1.611842834269000053e+09
1.611842834269999981e+09
1.611842834270999908e+09
1.611842834273000002e+09
1.611842834273000002e+09
1.611842834273999929e+09
1.611842834275000095e+09
1.611842834275000095e+09
1.611842834276000023e+09
1.611842834279000044e+09
1.611842834279000044e+09
1.611842834279999971e+09
1.611842834280999899e+09
1.611842834280999899e+09
1.611842834283999920e+09
1.611842834283999920e+09
1.611842834285000086e+09
1.611842834286000013e+09
1.611842834288000107e+09
1.611842834288000107e+09
1.611842834290999889e+09
1.611842834290999889e+09
1.611842834293999910e+09
1.611842834295000076e+09
1.611842834295000076e+09
1.611842834296000004e+09
1.611842834296999931e+09
1.611842834296999931e+09
1.611842834299999952e+09
1.611842834302000046e+09
1.611842834302999973e+09
1.611842834302999973e+09
1.611842834303999901e+09
1.611842834305999994e+09
1.611842834305999994e+09
1.611842834306999922e+09
1.611842834308000088e+09
1.611842834308000088e+09
1.611842834309000015e+09
1.611842834312000036e+09
1.611842834312000036e+09
1.611842834312999964e+09
1.611842834313999891e+09
1.611842834315999985e+09
1.611842834315999985e+09
1.611842834318000078e+09
1.611842834319000006e+09
1.611842834321000099e+09
1.611842834322999954e+09
1.611842834322999954e+09
1.611842834323999882e+09
1.611842834325000048e+09
1.611842834325000048e+09
1.611842834325999975e+09
1.611842834328999996e+09
1.611842834328999996e+09
1.611842834329999924e+09
1.611842834331000090e+09
1.611842834331000090e+09
1.611842834334000111e+09
1.611842834334000111e+09
1.611842834335000038e+09
1.611842834335999966e+09
1.611842834335999966e+09
1.611842834338999987e+09
1.611842834338999987e+09
1.611842834339999914e+09
1.611842834341000080e+09
1.611842834342999935e+09
1.611842834342999935e+09
1.611842834344000101e+09
1.611842834345000029e+09
1.611842834346999884e+09
1.611842834346999884e+09
1.611842834349999905e+09
1.611842834349999905e+09
1.611842834352999926e+09
1.611842834352999926e+09
1.611842834354000092e+09
1.611842834355999947e+09
1.611842834358000040e+09
1.611842834361000061e+09
1.611842834361000061e+09
1.611842834361999989e+09
1.611842834362999916e+09
1.611842834362999916e+09
1.611842834364000082e+09
1.611842834365000010e+09
1.611842834367000103e+09
1.611842834367000103e+09
1.611842834368000031e+09
1.611842834368999958e+09
1.611842834368999958e+09
1.611842834369999886e+09
1.611842834372999907e+09
1.611842834372999907e+09
1.611842834374000072e+09
1.611842834375000000e+09
1.611842834377000093e+09
1.611842834377000093e+09
1.611842834380000114e+09
1.611842834380000114e+09
1.611842834381000042e+09
1.611842834384000063e+09
1.611842834384000063e+09
1.611842834384999990e+09
1.611842834385999918e+09
1.611842834385999918e+09
1.611842834388999939e+09
1.611842834388999939e+09
1.611842834390000105e+09
1.611842834391000032e+09
1.611842834391000032e+09
1.611842834394000053e+09
1.611842834395999908e+09
1.611842834397000074e+09
1.611842834397000074e+09
1.611842834400000095e+09
1.611842834400000095e+09
1.611842834401000023e+09
1.611842834401999950e+09
1.611842834401999950e+09
1.611842834403000116e+09
1.611842834404999971e+09
1.611842834404999971e+09
1.611842834405999899e+09
1.611842834407000065e+09
1.611842834408999920e+09
1.611842834413000107e+09
1.611842834413000107e+09
1.611842834414000034e+09
1.611842834414999962e+09
1.611842834414999962e+09
1.611842834415999889e+09
1.611842834417000055e+09
1.611842834418999910e+09
1.611842834418999910e+09
1.611842834420000076e+09
1.611842834421000004e+09
1.611842834421000004e+09
1.611842834424000025e+09
1.611842834424000025e+09
1.611842834424999952e+09
1.611842834426000118e+09
1.611842834426000118e+09
1.611842834428999901e+09
1.611842834428999901e+09
1.611842834430000067e+09
1.611842834430999994e+09
1.611842834433000088e+09
1.611842834433000088e+09
1.611842834434000015e+09
1.611842834434999943e+09
1.611842834438999891e+09
1.611842834438999891e+09
1.611842834440000057e+09
1.611842834440999985e+09
1.611842834440999985e+09
1.611842834444000006e+09
1.611842834444000006e+09
1.611842834444999933e+09
1.611842834446000099e+09
1.611842834446000099e+09
1.611842834448999882e+09
1.611842834448999882e+09
1.611842834450000048e+09
1.611842834450999975e+09
1.611842834453000069e+09
1.611842834453000069e+09
1.611842834453999996e+09
1.611842834454999924e+09
1.611842834459000111e+09
1.611842834459000111e+09
1.611842834460000038e+09
1.611842834460999966e+09
1.611842834460999966e+09
1.611842834463999987e+09
1.611842834466000080e+09
1.611842834467000008e+09
1.611842834469000101e+09
1.611842834469000101e+09
1.611842834471999884e+09
1.611842834471999884e+09
1.611842834473000050e+09
1.611842834474999905e+09
1.611842834476000071e+09
1.611842834476000071e+09
1.611842834476999998e+09
1.611842834480000019e+09
1.611842834480000019e+09
1.611842834480999947e+09
1.611842834482000113e+09
1.611842834482000113e+09
1.611842834483000040e+09
1.611842834483999968e+09
1.611842834486000061e+09
1.611842834486000061e+09
1.611842834486999989e+09
1.611842834487999916e+09
1.611842834487999916e+09
1.611842834489000082e+09
1.611842834492000103e+09
1.611842834492000103e+09
1.611842834493000031e+09
1.611842834493999958e+09
1.611842834496000051e+09
1.611842834496000051e+09
1.611842834499000072e+09
1.611842834499000072e+09
1.611842834502000093e+09
1.611842834502000093e+09
1.611842834503000021e+09
1.611842834503999949e+09
1.611842834503999949e+09
1.611842834505000114e+09
1.611842834507999897e+09
1.611842834507999897e+09
1.611842834509000063e+09
1.611842834509999990e+09
1.611842834509999990e+09
1.611842834513000011e+09
1.611842834513000011e+09
1.611842834513999939e+09
1.611842834515000105e+09
1.611842834515000105e+09
1.611842834517999887e+09
1.611842834517999887e+09
1.611842834520999908e+09
1.611842834522000074e+09
1.611842834523999929e+09
1.611842834523999929e+09
1.611842834525000095e+09
1.611842834526000023e+09
1.611842834526000023e+09
1.611842834529000044e+09
1.611842834530999899e+09
1.611842834530999899e+09
1.611842834532000065e+09
1.611842834532000065e+09
1.611842834532999992e+09
1.611842834533999920e+09
1.611842834536000013e+09
1.611842834536000013e+09
1.611842834536999941e+09
1.611842834538000107e+09
1.611842834538000107e+09
1.611842834540999889e+09
1.611842834542000055e+09
1.611842834542999983e+09
1.611842834543999910e+09
1.611842834546000004e+09
1.611842834546000004e+09
1.611842834546999931e+09
1.611842834548000097e+09
1.611842834548000097e+09
1.611842834552999973e+09
1.611842834552999973e+09
1.611842834553999901e+09
1.611842834555000067e+09
1.611842834555000067e+09
1.611842834556999922e+09
1.611842834562000036e+09
1.611842834562000036e+09
1.611842834562999964e+09
1.611842834563999891e+09
1.611842834563999891e+09
1.611842834565000057e+09
1.611842834565000057e+09
1.611842834565999985e+09
1.611842834569000006e+09
1.611842834569000006e+09
1.611842834569999933e+09
1.611842834571000099e+09
1.611842834571000099e+09
1.611842834572000027e+09
1.611842834575000048e+09
1.611842834576999903e+09
1.611842834578000069e+09
1.611842834578000069e+09
1.611842834578999996e+09
1.611842834582000017e+09
1.611842834582000017e+09
1.611842834582999945e+09
1.611842834584000111e+09
1.611842834584000111e+09
1.611842834585000038e+09
1.611842834588000059e+09
1.611842834588000059e+09
1.611842834588999987e+09
1.611842834592000008e+09
1.611842834592000008e+09
1.611842834592999935e+09
1.611842834595999956e+09
1.611842834596999884e+09
1.611842834596999884e+09
1.611842834598000050e+09
1.611842834598999977e+09
1.611842834598999977e+09
1.611842834599999905e+09
1.611842834602999926e+09
1.611842834602999926e+09
1.611842834604000092e+09
1.611842834605000019e+09
1.611842834605000019e+09
1.611842834605999947e+09
1.611842834608999968e+09
1.611842834608999968e+09
1.611842834609999895e+09
1.611842834611000061e+09
1.611842834611999989e+09
1.611842834611999989e+09
1.611842834615000010e+09
1.611842834615999937e+09
1.611842834615999937e+09
1.611842834617000103e+09
1.611842834618000031e+09
1.611842834619999886e+09
1.611842834621000051e+09
1.611842834622999907e+09
1.611842834624000072e+09
1.611842834624000072e+09
1.611842834627000093e+09
1.611842834628000021e+09
1.611842834630000114e+09
1.611842834631000042e+09
1.611842834631999969e+09
1.611842834631999969e+09
1.611842834637000084e+09
1.611842834637000084e+09
1.611842834638000011e+09
1.611842834638999939e+09
1.611842834638999939e+09
1.611842834640000105e+09
1.611842834641000032e+09
1.611842834641999960e+09
1.611842834641999960e+09
1.611842834644999981e+09
1.611842834644999981e+09
1.611842834645999908e+09
1.611842834647000074e+09
1.611842834648000002e+09
1.611842834648000002e+09
1.611842834648999929e+09
1.611842834650000095e+09
1.611842834653000116e+09
1.611842834653000116e+09
1.611842834655999899e+09
1.611842834657000065e+09
1.611842834657999992e+09
1.611842834657999992e+09
1.611842834663000107e+09
1.611842834664000034e+09
1.611842834664000034e+09
1.611842834664999962e+09
1.611842834665999889e+09
1.611842834667000055e+09
1.611842834667000055e+09
1.611842834667999983e+09
1.611842834668999910e+09
1.611842834670000076e+09
1.611842834673000097e+09
1.611842834674000025e+09
1.611842834674000025e+09
1.611842834674999952e+09
1.611842834676000118e+09
1.611842834677000046e+09
1.611842834677999973e+09
1.611842834677999973e+09
1.611842834680999994e+09
1.611842834680999994e+09
1.611842834681999922e+09
1.611842834683000088e+09
1.611842834684000015e+09
1.611842834684999943e+09
1.611842834684999943e+09
1.611842834686000109e+09
1.611842834690999985e+09
1.611842834690999985e+09
1.611842834691999912e+09
1.611842834694999933e+09
1.611842834696000099e+09
1.611842834697000027e+09
1.611842834697999954e+09
1.611842834697999954e+09
1.611842834698999882e+09
1.611842834701999903e+09
1.611842834703000069e+09
1.611842834703000069e+09
1.611842834703999996e+09
1.611842834704999924e+09
1.611842834706000090e+09
1.611842834707000017e+09
1.611842834707999945e+09
1.611842834707999945e+09
1.611842834710999966e+09
1.611842834713999987e+09
1.611842834714999914e+09
1.611842834714999914e+09
1.611842834716000080e+09
1.611842834717000008e+09
1.611842834717999935e+09
1.611842834719000101e+09
1.611842834720000029e+09
1.611842834720999956e+09
1.611842834721999884e+09
1.611842834723999977e+09
1.611842834726999998e+09
1.611842834727999926e+09
1.611842834727999926e+09
1.611842834729000092e+09
1.611842834730000019e+09
1.611842834730999947e+09
1.611842834732000113e+09
1.611842834733000040e+09
1.611842834733999968e+09
1.611842834733999968e+09
1.611842834734999895e+09
1.611842834737999916e+09
1.611842834739000082e+09
1.611842834740000010e+09
1.611842834740999937e+09
1.611842834740999937e+09
1.611842834742000103e+09
1.611842834743000031e+09
1.611842834743999958e+09
1.611842834744999886e+09
1.611842834746000051e+09
1.611842834746000051e+09
1.611842834749000072e+09
1.611842834750000000e+09
1.611842834750000000e+09
1.611842834750999928e+09
1.611842834752000093e+09
1.611842834755000114e+09
1.611842834756000042e+09
1.611842834756000042e+09
1.611842834756999969e+09
1.611842834762000084e+09
1.611842834762000084e+09
1.611842834763000011e+09
1.611842834763999939e+09
1.611842834765000105e+09
1.611842834765000105e+09
1.611842834767999887e+09
1.611842834769000053e+09
1.611842834769999981e+09
1.611842834770999908e+09
1.611842834770999908e+09
1.611842834772000074e+09
1.611842834775000095e+09
1.611842834775000095e+09
1.611842834776000023e+09
1.611842834776999950e+09
1.611842834778000116e+09
1.611842834778000116e+09
1.611842834779000044e+09
1.611842834779999971e+09
1.611842834780999899e+09
1.611842834780999899e+09
1.611842834782000065e+09
1.611842834785000086e+09
1.611842834785000086e+09
1.611842834786000013e+09
1.611842834786999941e+09
1.611842834788000107e+09
1.611842834788000107e+09
1.611842834789000034e+09
1.611842834790999889e+09
1.611842834792000055e+09
1.611842834796999931e+09
1.611842834796999931e+09
1.611842834798000097e+09
1.611842834799000025e+09
1.611842834799999952e+09
1.611842834799999952e+09
1.611842834801000118e+09
1.611842834802000046e+09
1.611842834802999973e+09
1.611842834803999901e+09
1.611842834803999901e+09
1.611842834806999922e+09
1.611842834808000088e+09
1.611842834808000088e+09
1.611842834809000015e+09
1.611842834809999943e+09
1.611842834811000109e+09
1.611842834812000036e+09
1.611842834813999891e+09
1.611842834815000057e+09
1.611842834816999912e+09
1.611842834816999912e+09
1.611842834818000078e+09
1.611842834819000006e+09
1.611842834819999933e+09
1.611842834821000099e+09
1.611842834821000099e+09
1.611842834822000027e+09
1.611842834822999954e+09
1.611842834823999882e+09
1.611842834825999975e+09
1.611842834828000069e+09
1.611842834828999996e+09
1.611842834828999996e+09
1.611842834829999924e+09
1.611842834831000090e+09
1.611842834832000017e+09
1.611842834834000111e+09
1.611842834834000111e+09
1.611842834835000038e+09
1.611842834835999966e+09
1.611842834836999893e+09
1.611842834838000059e+09
1.611842834838000059e+09
1.611842834838999987e+09
1.611842834842000008e+09
1.611842834842000008e+09
1.611842834842999935e+09
1.611842834844000101e+09
1.611842834845000029e+09
1.611842834845999956e+09
1.611842834845999956e+09
1.611842834848999977e+09
1.611842834848999977e+09
1.611842834849999905e+09
1.611842834851000071e+09
1.611842834851000071e+09
1.611842834851999998e+09
1.611842834855000019e+09
1.611842834855000019e+09
1.611842834855999947e+09
1.611842834857000113e+09
1.611842834858999968e+09
1.611842834861999989e+09
1.611842834862999916e+09
1.611842834862999916e+09
1.611842834864000082e+09
1.611842834865000010e+09
1.611842834865000010e+09
1.611842834868000031e+09
1.611842834869999886e+09
1.611842834875000000e+09
1.611842834875999928e+09
1.611842834875999928e+09
1.611842834877000093e+09
1.611842834880000114e+09
1.611842834881000042e+09
1.611842834881999969e+09
1.611842834882999897e+09
1.611842834884000063e+09
1.611842834884999990e+09
1.611842834885999918e+09
1.611842834887000084e+09
1.611842834888000011e+09
1.611842834888000011e+09
1.611842834888999939e+09
1.611842834891999960e+09
1.611842834892999887e+09
1.611842834892999887e+09
1.611842834894000053e+09
1.611842834897000074e+09
1.611842834898000002e+09
1.611842834898999929e+09
1.611842834898999929e+09
1.611842834900000095e+09
1.611842834901000023e+09
1.611842834901999950e+09
1.611842834904000044e+09
1.611842834904999971e+09
1.611842834904999971e+09
1.611842834905999899e+09
1.611842834907000065e+09
1.611842834907000065e+09
1.611842834907999992e+09
1.611842834907999992e+09
1.611842834908999920e+09
1.611842834910000086e+09
1.611842834910000086e+09
1.611842834913000107e+09
1.611842834914000034e+09
1.611842834914000034e+09
1.611842834914999962e+09
1.611842834915999889e+09
1.611842834915999889e+09
1.611842834917000055e+09
1.611842834917000055e+09
1.611842834920000076e+09
1.611842834921000004e+09
1.611842834921000004e+09
1.611842834921999931e+09
1.611842834923000097e+09
1.611842834923000097e+09
1.611842834926000118e+09
1.611842834927999973e+09
1.611842834928999901e+09
1.611842834928999901e+09
1.611842834931999922e+09
1.611842834934999943e+09
1.611842834936000109e+09
1.611842834936000109e+09
1.611842834937000036e+09
1.611842834937999964e+09
1.611842834937999964e+09
1.611842834938999891e+09
1.611842834940000057e+09
1.611842834941999912e+09
1.611842834943000078e+09
1.611842834943000078e+09
1.611842834944000006e+09
1.611842834944000006e+09
1.611842834944999933e+09
1.611842834946000099e+09
1.611842834947999954e+09
1.611842834947999954e+09
1.611842834950999975e+09
1.611842834951999903e+09
1.611842834953000069e+09
1.611842834954999924e+09
1.611842834956000090e+09
1.611842834956000090e+09
1.611842834957000017e+09
1.611842834957999945e+09
1.611842834960000038e+09
1.611842834960999966e+09
1.611842834963000059e+09
1.611842834963999987e+09
1.611842834963999987e+09
1.611842834964999914e+09
1.611842834966000080e+09
1.611842834966000080e+09
1.611842834967000008e+09
1.611842834970000029e+09
1.611842834971999884e+09
1.611842834973000050e+09
1.611842834973999977e+09
1.611842834973999977e+09
1.611842834974999905e+09
1.611842834977999926e+09
1.611842834979000092e+09
1.611842834979000092e+09
1.611842834980000019e+09
1.611842834980999947e+09
1.611842834980999947e+09
1.611842834982000113e+09
1.611842834984999895e+09
1.611842834986000061e+09
1.611842834986000061e+09
1.611842834989000082e+09
1.611842834990000010e+09
1.611842834990000010e+09
1.611842834994999886e+09
1.611842834996000051e+09
1.611842834996000051e+09
1.611842834996999979e+09
1.611842834997999907e+09
1.611842834997999907e+09
1.611842834999000072e+09
1.611842835000000000e+09
1.611842835000000000e+09
1.611842835003000021e+09
1.611842835003999949e+09
1.611842835003999949e+09
1.611842835005000114e+09
1.611842835006000042e+09
1.611842835006000042e+09
1.611842835006999969e+09
1.611842835007999897e+09
1.611842835009999990e+09
1.611842835010999918e+09
1.611842835010999918e+09
1.611842835012000084e+09
1.611842835013000011e+09
1.611842835013000011e+09
1.611842835016000032e+09
1.611842835016999960e+09
1.611842835016999960e+09
1.611842835017999887e+09
1.611842835019000053e+09
1.611842835020999908e+09
1.611842835022000074e+09
1.611842835023999929e+09
1.611842835025000095e+09
1.611842835025000095e+09
1.611842835028000116e+09
1.611842835029999971e+09
1.611842835030999899e+09
1.611842835032000065e+09
1.611842835032000065e+09
1.611842835032999992e+09
1.611842835036000013e+09
1.611842835036999941e+09
1.611842835036999941e+09
1.611842835038000107e+09
1.611842835039000034e+09
1.611842835039000034e+09
1.611842835039999962e+09
1.611842835042000055e+09
1.611842835042999983e+09
1.611842835045000076e+09
1.611842835046000004e+09
1.611842835046000004e+09
1.611842835046999931e+09
1.611842835049999952e+09
1.611842835051000118e+09
1.611842835051000118e+09
1.611842835052000046e+09
1.611842835052999973e+09
1.611842835052999973e+09
1.611842835055999994e+09
1.611842835059000015e+09
1.611842835059000015e+09
1.611842835059999943e+09
1.611842835061000109e+09
1.611842835062000036e+09
1.611842835062000036e+09
1.611842835062999964e+09
1.611842835062999964e+09
1.611842835065999985e+09
1.611842835065999985e+09
1.611842835066999912e+09
1.611842835068000078e+09
1.611842835068000078e+09
1.611842835069000006e+09
1.611842835069000006e+09
1.611842835073999882e+09
1.611842835073999882e+09
1.611842835075000048e+09
1.611842835075999975e+09
1.611842835075999975e+09
1.611842835076999903e+09
1.611842835078000069e+09
1.611842835079999924e+09
1.611842835079999924e+09
1.611842835081000090e+09
1.611842835082000017e+09
1.611842835082000017e+09
1.611842835086999893e+09
1.611842835086999893e+09
1.611842835088000059e+09
1.611842835088999987e+09
1.611842835088999987e+09
1.611842835089999914e+09
1.611842835092999935e+09
1.611842835092999935e+09
1.611842835094000101e+09
1.611842835095000029e+09
1.611842835095000029e+09
1.611842835098000050e+09
1.611842835098000050e+09
1.611842835101000071e+09
1.611842835101999998e+09
1.611842835101999998e+09
1.611842835105000019e+09
1.611842835105000019e+09
1.611842835105999947e+09
1.611842835107000113e+09
1.611842835108999968e+09
1.611842835109999895e+09
1.611842835112999916e+09
1.611842835112999916e+09
1.611842835114000082e+09
1.611842835115000010e+09
1.611842835115000010e+09
1.611842835118000031e+09
1.611842835118999958e+09
1.611842835121000051e+09
1.611842835121999979e+09
1.611842835121999979e+09
1.611842835122999907e+09
1.611842835124000072e+09
1.611842835124000072e+09
1.611842835125000000e+09
1.611842835125999928e+09
1.611842835128000021e+09
1.611842835128999949e+09
1.611842835128999949e+09
1.611842835130000114e+09
1.611842835131000042e+09
1.611842835131000042e+09
1.611842835134000063e+09
1.611842835134000063e+09
1.611842835134999990e+09
1.611842835135999918e+09
1.611842835137000084e+09
1.611842835137000084e+09
1.611842835140000105e+09
1.611842835141000032e+09
1.611842835141000032e+09
1.611842835141999960e+09
1.611842835142999887e+09
1.611842835144999981e+09
1.611842835145999908e+09
1.611842835148000002e+09
1.611842835148999929e+09
1.611842835148999929e+09
1.611842835151999950e+09
1.611842835153000116e+09
1.611842835153000116e+09
1.611842835154000044e+09
1.611842835155999899e+09
1.611842835157000065e+09
1.611842835158999920e+09
1.611842835160000086e+09
1.611842835160000086e+09
1.611842835161000013e+09
1.611842835161999941e+09
1.611842835161999941e+09
1.611842835163000107e+09
1.611842835165999889e+09
1.611842835167000055e+09
1.611842835167000055e+09
1.611842835167999983e+09
1.611842835168999910e+09
1.611842835171000004e+09
1.611842835173000097e+09
1.611842835174000025e+09
1.611842835174999952e+09
1.611842835176000118e+09
1.611842835177999973e+09
1.611842835177999973e+09
1.611842835180999994e+09
1.611842835181999922e+09
1.611842835181999922e+09
1.611842835183000088e+09
1.611842835186000109e+09
1.611842835187000036e+09
1.611842835188999891e+09
1.611842835190000057e+09
1.611842835190999985e+09
1.611842835190999985e+09
1.611842835191999912e+09
1.611842835194999933e+09
1.611842835196000099e+09
1.611842835196000099e+09
1.611842835197000027e+09
1.611842835197000027e+09
1.611842835197999954e+09
1.611842835198999882e+09
1.611842835198999882e+09
1.611842835201999903e+09
1.611842835201999903e+09
1.611842835203000069e+09
1.611842835203999996e+09
1.611842835203999996e+09
1.611842835204999924e+09
1.611842835206000090e+09
1.611842835207999945e+09
1.611842835209000111e+09
1.611842835209000111e+09
1.611842835213999987e+09
1.611842835214999914e+09
1.611842835217000008e+09
1.611842835217999935e+09
1.611842835217999935e+09
1.611842835219000101e+09
1.611842835220000029e+09
1.611842835220000029e+09
1.611842835220999956e+09
1.611842835221999884e+09
1.611842835223999977e+09
1.611842835224999905e+09
1.611842835224999905e+09
1.611842835226000071e+09
1.611842835226999998e+09
1.611842835226999998e+09
1.611842835227999926e+09
1.611842835230999947e+09
1.611842835232000113e+09
1.611842835232000113e+09
1.611842835233000040e+09
1.611842835233999968e+09
1.611842835236000061e+09
1.611842835236999989e+09
1.611842835236999989e+09
1.611842835237999916e+09
1.611842835239000082e+09
1.611842835239000082e+09
1.611842835242000103e+09
1.611842835243000031e+09
1.611842835244999886e+09
1.611842835246000051e+09
1.611842835246999979e+09
1.611842835249000072e+09
1.611842835249000072e+09
1.611842835250000000e+09
1.611842835252000093e+09
1.611842835252000093e+09
1.611842835253000021e+09
1.611842835256000042e+09
1.611842835256999969e+09
1.611842835257999897e+09
1.611842835257999897e+09
1.611842835259000063e+09
1.611842835259999990e+09
1.611842835262000084e+09
1.611842835263000011e+09
1.611842835263000011e+09
1.611842835263999939e+09
1.611842835266000032e+09
1.611842835269000053e+09
1.611842835272000074e+09
1.611842835273000002e+09
1.611842835273000002e+09
1.611842835273999929e+09
1.611842835275000095e+09
1.611842835276999950e+09
1.611842835278000116e+09
1.611842835280999899e+09
1.611842835282000065e+09
1.611842835283999920e+09
1.611842835285000086e+09
1.611842835285000086e+09
1.611842835286000013e+09
1.611842835286999941e+09
1.611842835286999941e+09
1.611842835288000107e+09
1.611842835289000034e+09
1.611842835289000034e+09
1.611842835289999962e+09
1.611842835290999889e+09
1.611842835292999983e+09
1.611842835293999910e+09
1.611842835293999910e+09
1.611842835295000076e+09
1.611842835296000004e+09
1.611842835296000004e+09
1.611842835296999931e+09
1.611842835298000097e+09
1.611842835299999952e+09
1.611842835301000118e+09
1.611842835301000118e+09
1.611842835302000046e+09
1.611842835302999973e+09
1.611842835302999973e+09
1.611842835305999994e+09
1.611842835306999922e+09
1.611842835306999922e+09
1.611842835308000088e+09
1.611842835309000015e+09
1.611842835312999964e+09
1.611842835313999891e+09
1.611842835313999891e+09
1.611842835315000057e+09
1.611842835315000057e+09
1.611842835315999985e+09
1.611842835316999912e+09
1.611842835319000006e+09
1.611842835319000006e+09
1.611842835319999933e+09
1.611842835321000099e+09
1.611842835322999954e+09
1.611842835325000048e+09
1.611842835325000048e+09
1.611842835325999975e+09
1.611842835326999903e+09
1.611842835326999903e+09
1.611842835328000069e+09
1.611842835331000090e+09
1.611842835331000090e+09
1.611842835332000017e+09
1.611842835332999945e+09
1.611842835332999945e+09
1.611842835335999966e+09
1.611842835335999966e+09
1.611842835336999893e+09
1.611842835338000059e+09
1.611842835342000008e+09
1.611842835342000008e+09
1.611842835344000101e+09
1.611842835345000029e+09
1.611842835345000029e+09
1.611842835345999956e+09
1.611842835348999977e+09
1.611842835348999977e+09
1.611842835349999905e+09
1.611842835351000071e+09
1.611842835351000071e+09
1.611842835351999998e+09
1.611842835354000092e+09
1.611842835354000092e+09
1.611842835355000019e+09
1.611842835355999947e+09
1.611842835355999947e+09
1.611842835358999968e+09
1.611842835358999968e+09
1.611842835359999895e+09
1.611842835361000061e+09
1.611842835362999916e+09
1.611842835362999916e+09
1.611842835364000082e+09
1.611842835365000010e+09
1.611842835367000103e+09
1.611842835368999958e+09
1.611842835368999958e+09
1.611842835371999979e+09
1.611842835371999979e+09
1.611842835372999907e+09
1.611842835374000072e+09
1.611842835375999928e+09
1.611842835381000042e+09
1.611842835381000042e+09
1.611842835381999969e+09
1.611842835382999897e+09
1.611842835382999897e+09
1.611842835384000063e+09
1.611842835384000063e+09
1.611842835384999990e+09
1.611842835388000011e+09
1.611842835388000011e+09
1.611842835388999939e+09
1.611842835390000105e+09
1.611842835390000105e+09
1.611842835391000032e+09
1.611842835392999887e+09
1.611842835392999887e+09
1.611842835394000053e+09
1.611842835394999981e+09
1.611842835394999981e+09
1.611842835398000002e+09
1.611842835400000095e+09
1.611842835400000095e+09
1.611842835401000023e+09
1.611842835404000044e+09
1.611842835404000044e+09
1.611842835404999971e+09
1.611842835404999971e+09
1.611842835405999899e+09
1.611842835408999920e+09
1.611842835408999920e+09
1.611842835410000086e+09
1.611842835411000013e+09
1.611842835411000013e+09
1.611842835414000034e+09
1.611842835414000034e+09
1.611842835414999962e+09
1.611842835415999889e+09
1.611842835417999983e+09
1.611842835417999983e+09
1.611842835420000076e+09
1.611842835421000004e+09
1.611842835423000097e+09
1.611842835423000097e+09
1.611842835424000025e+09
1.611842835424999952e+09
1.611842835424999952e+09
1.611842835427999973e+09
1.611842835430000067e+09
1.611842835430000067e+09
1.611842835430999994e+09
1.611842835436000109e+09
1.611842835436000109e+09
1.611842835437000036e+09
1.611842835437999964e+09
1.611842835437999964e+09
1.611842835438999891e+09
1.611842835440000057e+09
1.611842835441999912e+09
1.611842835441999912e+09
1.611842835443000078e+09
1.611842835444000006e+09
1.611842835444000006e+09
1.611842835444999933e+09
1.611842835447999954e+09
1.611842835447999954e+09
1.611842835448999882e+09
1.611842835450000048e+09
1.611842835450000048e+09
1.611842835453000069e+09
1.611842835453000069e+09
1.611842835453999996e+09
1.611842835454999924e+09
1.611842835454999924e+09
1.611842835457999945e+09
1.611842835460000038e+09
1.611842835460000038e+09
1.611842835460999966e+09
1.611842835463999987e+09
1.611842835463999987e+09
1.611842835464999914e+09
1.611842835466000080e+09
1.611842835466000080e+09
1.611842835469000101e+09
1.611842835470000029e+09
1.611842835470000029e+09
1.611842835470999956e+09
1.611842835471999884e+09
1.611842835473999977e+09
1.611842835476000071e+09
1.611842835476999998e+09
1.611842835477999926e+09
1.611842835479000092e+09
1.611842835480999947e+09
1.611842835482000113e+09
1.611842835482000113e+09
1.611842835483000040e+09
1.611842835483999968e+09
1.611842835483999968e+09
1.611842835486999989e+09
1.611842835487999916e+09
1.611842835490000010e+09
1.611842835493000031e+09
1.611842835493999958e+09
1.611842835496000051e+09
1.611842835496999979e+09
1.611842835496999979e+09
1.611842835497999907e+09
1.611842835499000072e+09
1.611842835500999928e+09
1.611842835502000093e+09
1.611842835503000021e+09
1.611842835503000021e+09
1.611842835506000042e+09
1.611842835506000042e+09
1.611842835506999969e+09
1.611842835507999897e+09
1.611842835507999897e+09
1.611842835509000063e+09
1.611842835509999990e+09
1.611842835509999990e+09
1.611842835513000011e+09
1.611842835513000011e+09
1.611842835513999939e+09
1.611842835515000105e+09
1.611842835515000105e+09
1.611842835516000032e+09
1.611842835516999960e+09
1.611842835519000053e+09
1.611842835519999981e+09
1.611842835519999981e+09
1.611842835523000002e+09
1.611842835523999929e+09
1.611842835523999929e+09
1.611842835526999950e+09
1.611842835528000116e+09
1.611842835528000116e+09
1.611842835529000044e+09
1.611842835529999971e+09
1.611842835529999971e+09
1.611842835532999992e+09
1.611842835533999920e+09
1.611842835533999920e+09
1.611842835535000086e+09
1.611842835535000086e+09
1.611842835536000013e+09
1.611842835539000034e+09
1.611842835539999962e+09
1.611842835539999962e+09
1.611842835540999889e+09
1.611842835542000055e+09
1.611842835546999931e+09
1.611842835546999931e+09
1.611842835548000097e+09
1.611842835549000025e+09
1.611842835549000025e+09
1.611842835549999952e+09
1.611842835551000118e+09
1.611842835552999973e+09
1.611842835555000067e+09
1.611842835555999994e+09
1.611842835555999994e+09
1.611842835556999922e+09
1.611842835558000088e+09
1.611842835559999943e+09
1.611842835561000109e+09
1.611842835561000109e+09
1.611842835562000036e+09
1.611842835562999964e+09
1.611842835562999964e+09
1.611842835565999985e+09
1.611842835566999912e+09
1.611842835566999912e+09
1.611842835568000078e+09
1.611842835569000006e+09
1.611842835571000099e+09
1.611842835572000027e+09
1.611842835572000027e+09
1.611842835572999954e+09
1.611842835573999882e+09
1.611842835578000069e+09
1.611842835579999924e+09
1.611842835581000090e+09
1.611842835582000017e+09
1.611842835582000017e+09
1.611842835582999945e+09
1.611842835584000111e+09
1.611842835585999966e+09
1.611842835588000059e+09
1.611842835588999987e+09
1.611842835588999987e+09
1.611842835589999914e+09
1.611842835591000080e+09
1.611842835591000080e+09
1.611842835594000101e+09
1.611842835595000029e+09
1.611842835595000029e+09
1.611842835595999956e+09
1.611842835596999884e+09
1.611842835596999884e+09
1.611842835599999905e+09
1.611842835601999998e+09
1.611842835602999926e+09
1.611842835602999926e+09
1.611842835604000092e+09
1.611842835605000019e+09
1.611842835607000113e+09
1.611842835608000040e+09
1.611842835608000040e+09
1.611842835608999968e+09
1.611842835608999968e+09
1.611842835609999895e+09
1.611842835611000061e+09
1.611842835612999916e+09
1.611842835614000082e+09
1.611842835614000082e+09
1.611842835615000010e+09
1.611842835615000010e+09
1.611842835619999886e+09
1.611842835621000051e+09
1.611842835621000051e+09
1.611842835621999979e+09
1.611842835621999979e+09
1.611842835622999907e+09
1.611842835625999928e+09
1.611842835625999928e+09
1.611842835627000093e+09
1.611842835628000021e+09
1.611842835628000021e+09
1.611842835631000042e+09
1.611842835631000042e+09
1.611842835631999969e+09
1.611842835632999897e+09
1.611842835632999897e+09
1.611842835635999918e+09
1.611842835637000084e+09
1.611842835637000084e+09
1.611842835638000011e+09
1.611842835641000032e+09
1.611842835641999960e+09
1.611842835641999960e+09
1.611842835642999887e+09
1.611842835644000053e+09
1.611842835645999908e+09
1.611842835648000002e+09
1.611842835648999929e+09
1.611842835648999929e+09
1.611842835650000095e+09
1.611842835653000116e+09
1.611842835654000044e+09
1.611842835654000044e+09
1.611842835654999971e+09
1.611842835655999899e+09
1.611842835660000086e+09
1.611842835663000107e+09
1.611842835664000034e+09
1.611842835664000034e+09
1.611842835664999962e+09
1.611842835665999889e+09
1.611842835665999889e+09
1.611842835667000055e+09
1.611842835667000055e+09
1.611842835667999983e+09
1.611842835671000004e+09
1.611842835671999931e+09
1.611842835671999931e+09
1.611842835673000097e+09
1.611842835674000025e+09
1.611842835674000025e+09
1.611842835674999952e+09
1.611842835678999901e+09
1.611842835680000067e+09
1.611842835681999922e+09
1.611842835683000088e+09
1.611842835683000088e+09
1.611842835684000015e+09
1.611842835684999943e+09
1.611842835687000036e+09
1.611842835687999964e+09
1.611842835687999964e+09
1.611842835688999891e+09
1.611842835690000057e+09
1.611842835690000057e+09
1.611842835690999985e+09
1.611842835691999912e+09
1.611842835694000006e+09
1.611842835694999933e+09
1.611842835694999933e+09
1.611842835696000099e+09
1.611842835697000027e+09
1.611842835697000027e+09
1.611842835700000048e+09
1.611842835700999975e+09
1.611842835700999975e+09
1.611842835701999903e+09
1.611842835703000069e+09
1.611842835704999924e+09
1.611842835706000090e+09
1.611842835706000090e+09
1.611842835707000017e+09
1.611842835707999945e+09
1.611842835710000038e+09
1.611842835711999893e+09
1.611842835713000059e+09
1.611842835714999914e+09
1.611842835717999935e+09
1.611842835719000101e+09
1.611842835719000101e+09
1.611842835720000029e+09
1.611842835720999956e+09
1.611842835720999956e+09
1.611842835721999884e+09
1.611842835724999905e+09
1.611842835726000071e+09
1.611842835726000071e+09
1.611842835726999998e+09
1.611842835727999926e+09
1.611842835727999926e+09
1.611842835730999947e+09
1.611842835732000113e+09
1.611842835732000113e+09
1.611842835733000040e+09
1.611842835734999895e+09
1.611842835736000061e+09
1.611842835739000082e+09
1.611842835740000010e+09
1.611842835740000010e+09
1.611842835740999937e+09
1.611842835742000103e+09
1.611842835743999958e+09
1.611842835744999886e+09
1.611842835746999979e+09
1.611842835747999907e+09
1.611842835747999907e+09
1.611842835749000072e+09
1.611842835750000000e+09
1.611842835750000000e+09
1.611842835750999928e+09
1.611842835752000093e+09
1.611842835753999949e+09
1.611842835755000114e+09
1.611842835755000114e+09
1.611842835756000042e+09
1.611842835756999969e+09
1.611842835756999969e+09
1.611842835759999990e+09
1.611842835760999918e+09
1.611842835760999918e+09
1.611842835762000084e+09
1.611842835763000011e+09
1.611842835765000105e+09
1.611842835766000032e+09
1.611842835766000032e+09
1.611842835766999960e+09
1.611842835769000053e+09
1.611842835772000074e+09
1.611842835773000002e+09
1.611842835773000002e+09
1.611842835776000023e+09
1.611842835776999950e+09
1.611842835776999950e+09
1.611842835780999899e+09
1.611842835780999899e+09
1.611842835782000065e+09
1.611842835782999992e+09
1.611842835782999992e+09
1.611842835783999920e+09
1.611842835785000086e+09
1.611842835785000086e+09
1.611842835788000107e+09
1.611842835788000107e+09
1.611842835789000034e+09
1.611842835789999962e+09
1.611842835789999962e+09
1.611842835790999889e+09
1.611842835793999910e+09
1.611842835793999910e+09
1.611842835795000076e+09
1.611842835796000004e+09
1.611842835796000004e+09
1.611842835799000025e+09
1.611842835799000025e+09
1.611842835799999952e+09
1.611842835801000118e+09
1.611842835801000118e+09
1.611842835803999901e+09
1.611842835805999994e+09
1.611842835805999994e+09
1.611842835806999922e+09
1.611842835808000088e+09
1.611842835809999943e+09
1.611842835809999943e+09
1.611842835812999964e+09
1.611842835813999891e+09
1.611842835813999891e+09
1.611842835816999912e+09
1.611842835816999912e+09
1.611842835818000078e+09
1.611842835819000006e+09
1.611842835819000006e+09
1.611842835819999933e+09
1.611842835822999954e+09
1.611842835822999954e+09
1.611842835825999975e+09
1.611842835825999975e+09
1.611842835826999903e+09
1.611842835829999924e+09
1.611842835829999924e+09
1.611842835831000090e+09
1.611842835832000017e+09
1.611842835832000017e+09
1.611842835832999945e+09
1.611842835832999945e+09
1.611842835835999966e+09
1.611842835838000059e+09
1.611842835838000059e+09
1.611842835838999987e+09
1.611842835839999914e+09
1.611842835842000008e+09
1.611842835842000008e+09
1.611842835842999935e+09
1.611842835844000101e+09
1.611842835844000101e+09
1.611842835845000029e+09
1.611842835846999884e+09
1.611842835846999884e+09
1.611842835848000050e+09
1.611842835848999977e+09
1.611842835848999977e+09
1.611842835851999998e+09
1.611842835851999998e+09
1.611842835852999926e+09
1.611842835854000092e+09
1.611842835855999947e+09
1.611842835855999947e+09
1.611842835857000113e+09
1.611842835858000040e+09
1.611842835859999895e+09
1.611842835859999895e+09
1.611842835861000061e+09
1.611842835864000082e+09
1.611842835864000082e+09
1.611842835865000010e+09
1.611842835868999958e+09
1.611842835868999958e+09
1.611842835869999886e+09
1.611842835871000051e+09
1.611842835871000051e+09
1.611842835874000072e+09
1.611842835874000072e+09
1.611842835875000000e+09
1.611842835875999928e+09
1.611842835878000021e+09
1.611842835880000114e+09
1.611842835882999897e+09
1.611842835882999897e+09
1.611842835885999918e+09
1.611842835885999918e+09
1.611842835887000084e+09
1.611842835888000011e+09
1.611842835888000011e+09
1.611842835888999939e+09
1.611842835891000032e+09
1.611842835891999960e+09
1.611842835894000053e+09
1.611842835894000053e+09
1.611842835894999981e+09
1.611842835895999908e+09
1.611842835895999908e+09
1.611842835898999929e+09
1.611842835898999929e+09
1.611842835901999950e+09
1.611842835901999950e+09
1.611842835903000116e+09
1.611842835904000044e+09
1.611842835904000044e+09
1.611842835904999971e+09
1.611842835904999971e+09
1.611842835907999992e+09
1.611842835907999992e+09
1.611842835908999920e+09
1.611842835910000086e+09
1.611842835910000086e+09
1.611842835913000107e+09
1.611842835913000107e+09
1.611842835914000034e+09
1.611842835914999962e+09
1.611842835914999962e+09
1.611842835917999983e+09
1.611842835917999983e+09
1.611842835918999910e+09
1.611842835920000076e+09
1.611842835921999931e+09
1.611842835921999931e+09
1.611842835923000097e+09
1.611842835924000025e+09
1.611842835926000118e+09
1.611842835927999973e+09
1.611842835927999973e+09
1.611842835928999901e+09
1.611842835931999922e+09
1.611842835931999922e+09
1.611842835933000088e+09
1.611842835934000015e+09
1.611842835934000015e+09
1.611842835938999891e+09
1.611842835938999891e+09
1.611842835940000057e+09
1.611842835940999985e+09
1.611842835940999985e+09
1.611842835941999912e+09
1.611842835944999933e+09
1.611842835944999933e+09
1.611842835946000099e+09
1.611842835947000027e+09
1.611842835947000027e+09
1.611842835950000048e+09
1.611842835950000048e+09
1.611842835950999975e+09
1.611842835951999903e+09
1.611842835951999903e+09
1.611842835954999924e+09
1.611842835954999924e+09
1.611842835957999945e+09
1.611842835957999945e+09
1.611842835959000111e+09
1.611842835961999893e+09
1.611842835961999893e+09
1.611842835963000059e+09
1.611842835963999987e+09
1.611842835963999987e+09
1.611842835964999914e+09
1.611842835967999935e+09
1.611842835970000029e+09
1.611842835970999956e+09
1.611842835971999884e+09
1.611842835971999884e+09
1.611842835974999905e+09
1.611842835974999905e+09
1.611842835976000071e+09
1.611842835976999998e+09
1.611842835976999998e+09
1.611842835977999926e+09
1.611842835982000113e+09
1.611842835983000040e+09
1.611842835983000040e+09
1.611842835983999968e+09
1.611842835984999895e+09
1.611842835984999895e+09
1.611842835986000061e+09
1.611842835990000010e+09
1.611842835990999937e+09
1.611842835990999937e+09
1.611842835993999958e+09
1.611842835994999886e+09
1.611842835994999886e+09
1.611842835996000051e+09
1.611842835999000072e+09
1.611842835999000072e+09
1.611842836000000000e+09
1.611842836000999928e+09
1.611842836000999928e+09
1.611842836002000093e+09
1.611842836003000021e+09
1.611842836003000021e+09
1.611842836006000042e+09
1.611842836006000042e+09
1.611842836006999969e+09
1.611842836007999897e+09
1.611842836007999897e+09
1.611842836009000063e+09
1.611842836012000084e+09
1.611842836013000011e+09
1.611842836013000011e+09
1.611842836013999939e+09
1.611842836015000105e+09
1.611842836015000105e+09
1.611842836017999887e+09
1.611842836019999981e+09
1.611842836020999908e+09
1.611842836020999908e+09
1.611842836022000074e+09
1.611842836025000095e+09
1.611842836025000095e+09
1.611842836026000023e+09
1.611842836026999950e+09
1.611842836026999950e+09
1.611842836028000116e+09
1.611842836030999899e+09
1.611842836032000065e+09
1.611842836032000065e+09
1.611842836032999992e+09
1.611842836032999992e+09
1.611842836033999920e+09
1.611842836036999941e+09
1.611842836038000107e+09
1.611842836038000107e+09
1.611842836039000034e+09
1.611842836039999962e+09
1.611842836042000055e+09
1.611842836042999983e+09
1.611842836042999983e+09
1.611842836043999910e+09
1.611842836046000004e+09
1.611842836049000025e+09
1.611842836051000118e+09
1.611842836052000046e+09
1.611842836053999901e+09
1.611842836055000067e+09
1.611842836055000067e+09
1.611842836058000088e+09
1.611842836059000015e+09
1.611842836059000015e+09
1.611842836059999943e+09
1.611842836061000109e+09
1.611842836061000109e+09
1.611842836062000036e+09
1.611842836062999964e+09
1.611842836065000057e+09
1.611842836065999985e+09
1.611842836065999985e+09
1.611842836066999912e+09
1.611842836068000078e+09
1.611842836068000078e+09
1.611842836069000006e+09
1.611842836072000027e+09
1.611842836072999954e+09
1.611842836072999954e+09
1.611842836073999882e+09
1.611842836075000048e+09
1.611842836075000048e+09
1.611842836078000069e+09
1.611842836078999996e+09
1.611842836078999996e+09
1.611842836081000090e+09
1.611842836082000017e+09
1.611842836085000038e+09
1.611842836086999893e+09
1.611842836086999893e+09
1.611842836088000059e+09
1.611842836088999987e+09
1.611842836088999987e+09
1.611842836092000008e+09
1.611842836092000008e+09
1.611842836092999935e+09
1.611842836094000101e+09
1.611842836094000101e+09
1.611842836095000029e+09
1.611842836095999956e+09
1.611842836098000050e+09
1.611842836098000050e+09
1.611842836098999977e+09
1.611842836099999905e+09
1.611842836099999905e+09
1.611842836102999926e+09
1.611842836102999926e+09
1.611842836104000092e+09
1.611842836105999947e+09
1.611842836105999947e+09
1.611842836108999968e+09
1.611842836108999968e+09
1.611842836109999895e+09
1.611842836111000061e+09
1.611842836111000061e+09
1.611842836114000082e+09
1.611842836114000082e+09
1.611842836115000010e+09
1.611842836117000103e+09
1.611842836117000103e+09
1.611842836119999886e+09
1.611842836119999886e+09
1.611842836121000051e+09
1.611842836122999907e+09
1.611842836124000072e+09
1.611842836125999928e+09
1.611842836125999928e+09
1.611842836127000093e+09
1.611842836128000021e+09
1.611842836128000021e+09
1.611842836128999949e+09
1.611842836131000042e+09
1.611842836131000042e+09
1.611842836131999969e+09
1.611842836132999897e+09
1.611842836134999990e+09
1.611842836134999990e+09
1.611842836135999918e+09
1.611842836137000084e+09
1.611842836138999939e+09
1.611842836138999939e+09
1.611842836140000105e+09
1.611842836142999887e+09
1.611842836142999887e+09
1.611842836144000053e+09
1.611842836148000002e+09
1.611842836148000002e+09
1.611842836148999929e+09
1.611842836150000095e+09
1.611842836150000095e+09
1.611842836153000116e+09
1.611842836153000116e+09
1.611842836154000044e+09
1.611842836154999971e+09
1.611842836154999971e+09
1.611842836157999992e+09
1.611842836157999992e+09
1.611842836161000013e+09
1.611842836161999941e+09
1.611842836164000034e+09
1.611842836164000034e+09
1.611842836164999962e+09
1.611842836165999889e+09
1.611842836165999889e+09
1.611842836167000055e+09
1.611842836170000076e+09
1.611842836170000076e+09
1.611842836171000004e+09
1.611842836171999931e+09
1.611842836171999931e+09
1.611842836174999952e+09
1.611842836177000046e+09
1.611842836177000046e+09
1.611842836177999973e+09
1.611842836180999994e+09
1.611842836180999994e+09
1.611842836183000088e+09
1.611842836184000015e+09
1.611842836184000015e+09
1.611842836184999943e+09
1.611842836187999964e+09
1.611842836187999964e+09
1.611842836188999891e+09
1.611842836190000057e+09
1.611842836190000057e+09
1.611842836190999985e+09
1.611842836194000006e+09
1.611842836194000006e+09
1.611842836194999933e+09
1.611842836196000099e+09
1.611842836196000099e+09
1.611842836198999882e+09
1.611842836200999975e+09
1.611842836201999903e+09
1.611842836201999903e+09
1.611842836203000069e+09
1.611842836206000090e+09
1.611842836206000090e+09
1.611842836207000017e+09
1.611842836210000038e+09
1.611842836210000038e+09
1.611842836210999966e+09
1.611842836213999987e+09
1.611842836213999987e+09
1.611842836214999914e+09
1.611842836216000080e+09
1.611842836217999935e+09
1.611842836219000101e+09
1.611842836219000101e+09
1.611842836221999884e+09
1.611842836221999884e+09
1.611842836223000050e+09
1.611842836223999977e+09
1.611842836223999977e+09
1.611842836224999905e+09
1.611842836226000071e+09
1.611842836226000071e+09
1.611842836229000092e+09
1.611842836229000092e+09
