1.611842828453000069e+09
1.611842828453000069e+09
1.611842828453999996e+09
1.611842828454999924e+09
1.611842828456000090e+09
1.611842828459000111e+09
1.611842828459000111e+09
1.611842828460000038e+09
1.611842828460999966e+09
1.611842828461999893e+09
1.611842828463999987e+09
1.611842828463999987e+09
1.611842828464999914e+09
1.611842828466000080e+09
1.611842828467999935e+09
1.611842828467999935e+09
1.611842828470000029e+09
1.611842828470000029e+09
1.611842828471999884e+09
1.611842828473000050e+09
1.611842828473999977e+09
1.611842828474999905e+09
1.611842828476000071e+09
1.611842828477999926e+09
1.611842828480000019e+09
1.611842828480999947e+09
1.611842828483999968e+09
1.611842828484999895e+09
1.611842828486999989e+09
1.611842828487999916e+09
1.611842828489000082e+09
1.611842828489000082e+09
1.611842828490000010e+09
1.611842828490999937e+09
1.611842828492000103e+09
1.611842828493000031e+09
1.611842828493000031e+09
1.611842828493999958e+09
1.611842828494999886e+09
1.611842828496000051e+09
1.611842828496999979e+09
1.611842828497999907e+09
1.611842828497999907e+09
1.611842828499000072e+09
1.611842828500000000e+09
1.611842828502000093e+09
1.611842828503000021e+09
1.611842828503999949e+09
1.611842828506000042e+09
1.611842828506999969e+09
1.611842828509000063e+09
1.611842828509999990e+09
1.611842828510999918e+09
1.611842828512000084e+09
1.611842828513000011e+09
1.611842828513999939e+09
1.611842828513999939e+09
1.611842828515000105e+09
1.611842828516000032e+09
1.611842828516999960e+09
1.611842828517999887e+09
1.611842828519000053e+09
1.611842828519999981e+09
1.611842828522000074e+09
1.611842828523000002e+09
1.611842828523999929e+09
1.611842828525000095e+09
1.611842828526000023e+09
1.611842828526999950e+09
1.611842828528000116e+09
1.611842828529000044e+09
1.611842828529999971e+09
1.611842828532000065e+09
1.611842828532999992e+09
1.611842828533999920e+09
1.611842828535000086e+09
1.611842828536000013e+09
1.611842828536999941e+09
1.611842828538000107e+09
1.611842828539000034e+09
1.611842828539999962e+09
1.611842828542999983e+09
1.611842828545000076e+09
1.611842828546000004e+09
1.611842828546999931e+09
1.611842828546999931e+09
1.611842828548000097e+09
1.611842828549000025e+09
1.611842828549000025e+09
1.611842828549999952e+09
1.611842828551000118e+09
1.611842828552999973e+09
1.611842828553999901e+09
1.611842828555000067e+09
1.611842828555999994e+09
1.611842828556999922e+09
1.611842828558000088e+09
1.611842828559000015e+09
1.611842828559999943e+09
1.611842828561000109e+09
1.611842828562999964e+09
1.611842828563999891e+09
1.611842828565000057e+09
1.611842828565999985e+09
1.611842828566999912e+09
1.611842828569999933e+09
1.611842828569999933e+09
1.611842828572000027e+09
1.611842828572999954e+09
1.611842828572999954e+09
1.611842828573999882e+09
1.611842828575000048e+09
1.611842828575999975e+09
1.611842828576999903e+09
1.611842828578000069e+09
1.611842828578999996e+09
1.611842828579999924e+09
1.611842828581000090e+09
1.611842828582999945e+09
1.611842828584000111e+09
1.611842828585000038e+09
1.611842828585999966e+09
1.611842828586999893e+09
1.611842828588000059e+09
1.611842828588999987e+09
1.611842828589999914e+09
1.611842828591000080e+09
1.611842828592999935e+09
1.611842828594000101e+09
1.611842828595000029e+09
1.611842828595999956e+09
1.611842828596999884e+09
1.611842828598000050e+09
1.611842828598999977e+09
1.611842828599999905e+09
1.611842828601000071e+09
1.611842828602999926e+09
1.611842828604000092e+09
1.611842828605000019e+09
1.611842828605999947e+09
1.611842828607000113e+09
1.611842828608000040e+09
1.611842828608999968e+09
1.611842828609999895e+09
1.611842828611000061e+09
1.611842828612999916e+09
1.611842828614000082e+09
1.611842828615000010e+09
1.611842828615999937e+09
1.611842828617000103e+09
1.611842828619999886e+09
1.611842828619999886e+09
1.611842828621000051e+09
1.611842828621999979e+09
1.611842828622999907e+09
1.611842828624000072e+09
1.611842828625000000e+09
1.611842828625999928e+09
1.611842828627000093e+09
1.611842828628000021e+09
1.611842828628999949e+09
1.611842828630000114e+09
1.611842828631000042e+09
1.611842828632999897e+09
1.611842828634000063e+09
1.611842828634999990e+09
1.611842828635999918e+09
1.611842828637000084e+09
1.611842828638000011e+09
1.611842828638999939e+09
1.611842828641999960e+09
1.611842828641999960e+09
1.611842828642999887e+09
1.611842828644000053e+09
1.611842828644999981e+09
1.611842828645999908e+09
1.611842828647000074e+09
1.611842828648000002e+09
1.611842828648999929e+09
1.611842828650000095e+09
1.611842828651000023e+09
1.611842828653000116e+09
1.611842828654000044e+09
1.611842828654999971e+09
1.611842828655999899e+09
1.611842828657000065e+09
1.611842828657999992e+09
1.611842828658999920e+09
1.611842828660000086e+09
1.611842828661000013e+09
1.611842828663000107e+09
1.611842828664000034e+09
1.611842828664999962e+09
1.611842828665999889e+09
1.611842828667000055e+09
1.611842828667999983e+09
1.611842828671000004e+09
1.611842828671999931e+09
1.611842828671999931e+09
1.611842828673000097e+09
1.611842828674000025e+09
1.611842828674999952e+09
1.611842828676000118e+09
1.611842828677000046e+09
1.611842828677999973e+09
1.611842828680999994e+09
1.611842828680999994e+09
1.611842828681999922e+09
1.611842828683000088e+09
1.611842828684000015e+09
1.611842828684999943e+09
1.611842828686000109e+09
1.611842828687000036e+09
1.611842828687999964e+09
1.611842828688999891e+09
1.611842828690000057e+09
1.611842828690999985e+09
1.611842828693000078e+09
1.611842828694000006e+09
1.611842828694999933e+09
1.611842828696000099e+09
1.611842828697000027e+09
1.611842828697999954e+09
1.611842828698999882e+09
1.611842828700000048e+09
1.611842828701999903e+09
1.611842828703000069e+09
1.611842828703999996e+09
1.611842828704999924e+09
1.611842828706000090e+09
1.611842828707000017e+09
1.611842828707999945e+09
1.611842828709000111e+09
1.611842828710000038e+09
1.611842828711999893e+09
1.611842828713000059e+09
1.611842828713999987e+09
1.611842828714999914e+09
1.611842828716000080e+09
1.611842828717000008e+09
1.611842828717999935e+09
1.611842828719000101e+09
1.611842828720000029e+09
1.611842828721999884e+09
1.611842828723000050e+09
1.611842828723999977e+09
1.611842828724999905e+09
1.611842828726000071e+09
1.611842828726999998e+09
1.611842828727999926e+09
1.611842828729000092e+09
1.611842828730000019e+09
1.611842828732000113e+09
1.611842828733000040e+09
1.611842828733999968e+09
1.611842828734999895e+09
1.611842828736000061e+09
1.611842828736999989e+09
1.611842828737999916e+09
1.611842828739000082e+09
1.611842828740000010e+09
1.611842828742000103e+09
1.611842828743000031e+09
1.611842828743999958e+09
1.611842828744999886e+09
1.611842828746000051e+09
1.611842828746999979e+09
1.611842828747999907e+09
1.611842828749000072e+09
1.611842828752000093e+09
1.611842828753000021e+09
1.611842828753000021e+09
1.611842828753999949e+09
1.611842828756999969e+09
1.611842828756999969e+09
1.611842828757999897e+09
1.611842828759000063e+09
1.611842828759000063e+09
1.611842828759999990e+09
1.611842828762000084e+09
1.611842828763000011e+09
1.611842828763999939e+09
1.611842828765000105e+09
1.611842828766000032e+09
1.611842828766999960e+09
1.611842828767999887e+09
1.611842828769000053e+09
1.611842828769999981e+09
1.611842828772000074e+09
1.611842828773000002e+09
1.611842828773999929e+09
1.611842828775000095e+09
1.611842828776000023e+09
1.611842828776999950e+09
1.611842828778000116e+09
1.611842828779000044e+09
1.611842828779999971e+09
1.611842828782000065e+09
1.611842828782999992e+09
1.611842828783999920e+09
1.611842828785000086e+09
1.611842828786000013e+09
1.611842828786999941e+09
1.611842828788000107e+09
1.611842828790999889e+09
1.611842828790999889e+09
1.611842828792000055e+09
1.611842828792999983e+09
1.611842828793999910e+09
1.611842828795000076e+09
1.611842828796000004e+09
1.611842828796999931e+09
1.611842828798000097e+09
1.611842828799000025e+09
1.611842828799999952e+09
1.611842828801000118e+09
1.611842828805000067e+09
1.611842828805999994e+09
1.611842828805999994e+09
1.611842828806999922e+09
1.611842828808000088e+09
1.611842828808000088e+09
1.611842828809000015e+09
1.611842828809999943e+09
1.611842828812999964e+09
1.611842828813999891e+09
1.611842828815000057e+09
1.611842828815000057e+09
1.611842828815999985e+09
1.611842828816999912e+09
1.611842828818000078e+09
1.611842828819000006e+09
1.611842828819999933e+09
1.611842828821000099e+09
1.611842828822999954e+09
1.611842828823999882e+09
1.611842828825000048e+09
1.611842828825999975e+09
1.611842828826999903e+09
1.611842828828000069e+09
1.611842828828999996e+09
1.611842828829999924e+09
1.611842828831000090e+09
1.611842828832999945e+09
1.611842828834000111e+09
1.611842828835000038e+09
1.611842828835999966e+09
1.611842828836999893e+09
1.611842828838000059e+09
1.611842828838999987e+09
1.611842828839999914e+09
1.611842828841000080e+09
1.611842828842999935e+09
1.611842828844000101e+09
1.611842828845000029e+09
1.611842828845999956e+09
1.611842828846999884e+09
1.611842828848000050e+09
1.611842828848999977e+09
1.611842828849999905e+09
1.611842828851000071e+09
1.611842828855000019e+09
1.611842828855999947e+09
1.611842828855999947e+09
1.611842828857000113e+09
1.611842828858000040e+09
1.611842828858000040e+09
1.611842828858999968e+09
1.611842828859999895e+09
1.611842828861000061e+09
1.611842828862999916e+09
1.611842828864000082e+09
1.611842828865000010e+09
1.611842828865999937e+09
1.611842828867000103e+09
1.611842828868000031e+09
1.611842828868999958e+09
1.611842828869999886e+09
1.611842828871000051e+09
1.611842828872999907e+09
1.611842828874000072e+09
1.611842828875000000e+09
1.611842828875999928e+09
1.611842828877000093e+09
1.611842828878000021e+09
1.611842828878999949e+09
1.611842828880000114e+09
1.611842828881000042e+09
1.611842828882999897e+09
1.611842828884000063e+09
1.611842828884999990e+09
1.611842828885999918e+09
1.611842828887000084e+09
1.611842828888000011e+09
1.611842828888999939e+09
1.611842828890000105e+09
1.611842828891000032e+09
1.611842828894999981e+09
1.611842828894999981e+09
1.611842828895999908e+09
1.611842828897000074e+09
1.611842828897000074e+09
1.611842828898000002e+09
1.611842828898999929e+09
1.611842828901999950e+09
1.611842828901999950e+09
1.611842828903000116e+09
1.611842828904000044e+09
1.611842828904999971e+09
1.611842828905999899e+09
1.611842828907000065e+09
1.611842828907999992e+09
1.611842828908999920e+09
1.611842828910000086e+09
1.611842828911000013e+09
1.611842828913000107e+09
1.611842828914000034e+09
1.611842828914999962e+09
1.611842828915999889e+09
1.611842828917000055e+09
1.611842828917999983e+09
1.611842828918999910e+09
1.611842828920000076e+09
1.611842828921000004e+09
1.611842828923000097e+09
1.611842828924000025e+09
1.611842828924999952e+09
1.611842828926000118e+09
1.611842828927000046e+09
1.611842828927999973e+09
1.611842828928999901e+09
1.611842828930000067e+09
1.611842828930999994e+09
1.611842828933000088e+09
1.611842828934000015e+09
1.611842828934999943e+09
1.611842828936000109e+09
1.611842828937000036e+09
1.611842828937999964e+09
1.611842828938999891e+09
1.611842828940000057e+09
1.611842828940999985e+09
1.611842828943000078e+09
1.611842828944000006e+09
1.611842828944999933e+09
1.611842828946000099e+09
1.611842828947000027e+09
1.611842828947999954e+09
1.611842828948999882e+09
1.611842828950000048e+09
1.611842828951999903e+09
1.611842828953000069e+09
1.611842828953999996e+09
1.611842828954999924e+09
1.611842828956000090e+09
1.611842828957000017e+09
1.611842828960000038e+09
1.611842828960999966e+09
1.611842828960999966e+09
1.611842828961999893e+09
1.611842828963000059e+09
1.611842828963999987e+09
1.611842828967000008e+09
1.611842828967999935e+09
1.611842828967999935e+09
1.611842828969000101e+09
1.611842828970000029e+09
1.611842828970000029e+09
1.611842828971999884e+09
1.611842828973000050e+09
1.611842828973999977e+09
1.611842828974999905e+09
1.611842828976000071e+09
1.611842828976999998e+09
1.611842828977999926e+09
1.611842828979000092e+09
1.611842828980000019e+09
1.611842828982000113e+09
1.611842828983000040e+09
1.611842828983999968e+09
1.611842828984999895e+09
1.611842828986000061e+09
1.611842828986999989e+09
1.611842828987999916e+09
1.611842828989000082e+09
1.611842828990000010e+09
1.611842828992000103e+09
1.611842828993000031e+09
1.611842828993999958e+09
1.611842828994999886e+09
1.611842828996000051e+09
1.611842828996999979e+09
1.611842828997999907e+09
1.611842828999000072e+09
1.611842829000000000e+09
1.611842829002000093e+09
1.611842829003000021e+09
1.611842829003999949e+09
1.611842829005000114e+09
1.611842829006000042e+09
1.611842829006999969e+09
1.611842829007999897e+09
1.611842829009000063e+09
1.611842829012000084e+09
1.611842829012000084e+09
1.611842829013000011e+09
1.611842829013999939e+09
1.611842829015000105e+09
1.611842829016000032e+09
1.611842829016999960e+09
1.611842829017999887e+09
1.611842829019000053e+09
1.611842829019999981e+09
1.611842829022000074e+09
1.611842829023999929e+09
1.611842829023999929e+09
1.611842829025000095e+09
1.611842829026000023e+09
1.611842829026999950e+09
1.611842829028000116e+09
1.611842829029000044e+09
1.611842829032000065e+09
1.611842829032000065e+09
1.611842829032999992e+09
1.611842829033999920e+09
1.611842829035000086e+09
1.611842829036000013e+09
1.611842829039000034e+09
1.611842829039999962e+09
1.611842829039999962e+09
1.611842829040999889e+09
1.611842829042000055e+09
1.611842829042999983e+09
1.611842829043999910e+09
1.611842829045000076e+09
1.611842829046000004e+09
1.611842829046999931e+09
1.611842829048000097e+09
1.611842829049000025e+09
1.611842829049999952e+09
1.611842829051000118e+09
1.611842829055000067e+09
1.611842829055999994e+09
1.611842829055999994e+09
1.611842829056999922e+09
1.611842829058000088e+09
1.611842829058000088e+09
1.611842829059000015e+09
1.611842829059999943e+09
1.611842829061000109e+09
1.611842829062999964e+09
1.611842829063999891e+09
1.611842829065000057e+09
1.611842829065999985e+09
1.611842829066999912e+09
1.611842829068000078e+09
1.611842829069000006e+09
1.611842829069999933e+09
1.611842829071000099e+09
1.611842829072999954e+09
1.611842829073999882e+09
1.611842829075000048e+09
1.611842829075999975e+09
1.611842829076999903e+09
1.611842829078000069e+09
1.611842829078999996e+09
1.611842829079999924e+09
1.611842829081000090e+09
1.611842829082999945e+09
1.611842829084000111e+09
1.611842829085000038e+09
1.611842829085999966e+09
1.611842829086999893e+09
1.611842829088000059e+09
1.611842829088999987e+09
1.611842829089999914e+09
1.611842829091000080e+09
1.611842829094000101e+09
1.611842829094000101e+09
1.611842829095000029e+09
1.611842829095999956e+09
1.611842829096999884e+09
1.611842829098000050e+09
1.611842829098999977e+09
1.611842829099999905e+09
1.611842829101000071e+09
1.611842829102999926e+09
1.611842829104000092e+09
1.611842829105000019e+09
1.611842829105999947e+09
1.611842829107000113e+09
1.611842829108000040e+09
1.611842829108999968e+09
1.611842829109999895e+09
1.611842829111000061e+09
1.611842829112999916e+09
1.611842829114000082e+09
1.611842829115000010e+09
1.611842829115999937e+09
1.611842829117000103e+09
1.611842829118000031e+09
1.611842829118999958e+09
1.611842829121999979e+09
1.611842829121999979e+09
1.611842829122999907e+09
1.611842829124000072e+09
1.611842829125000000e+09
1.611842829125999928e+09
1.611842829128999949e+09
1.611842829128999949e+09
1.611842829130000114e+09
1.611842829131000042e+09
1.611842829131000042e+09
1.611842829132999897e+09
1.611842829134000063e+09
1.611842829134999990e+09
1.611842829135999918e+09
1.611842829137000084e+09
1.611842829138000011e+09
1.611842829138999939e+09
1.611842829140000105e+09
1.611842829141000032e+09
1.611842829142999887e+09
1.611842829144000053e+09
1.611842829144999981e+09
1.611842829145999908e+09
1.611842829147000074e+09
1.611842829148000002e+09
1.611842829148999929e+09
1.611842829150000095e+09
1.611842829151000023e+09
1.611842829153000116e+09
1.611842829154000044e+09
1.611842829154999971e+09
1.611842829155999899e+09
1.611842829157000065e+09
1.611842829157999992e+09
1.611842829158999920e+09
1.611842829160000086e+09
1.611842829161000013e+09
1.611842829163000107e+09
1.611842829164000034e+09
1.611842829164999962e+09
1.611842829167999983e+09
1.611842829171000004e+09
1.611842829171000004e+09
1.611842829171999931e+09
1.611842829173000097e+09
1.611842829173000097e+09
1.611842829174000025e+09
1.611842829174999952e+09
1.611842829174999952e+09
1.611842829177000046e+09
1.611842829177000046e+09
1.611842829177999973e+09
1.611842829178999901e+09
1.611842829180000067e+09
1.611842829180999994e+09
1.611842829183000088e+09
1.611842829184000015e+09
1.611842829184999943e+09
1.611842829186000109e+09
1.611842829187000036e+09
1.611842829187999964e+09
1.611842829188999891e+09
1.611842829190000057e+09
1.611842829190999985e+09
1.611842829193000078e+09
1.611842829194000006e+09
1.611842829194999933e+09
1.611842829196000099e+09
1.611842829197000027e+09
1.611842829197999954e+09
1.611842829198999882e+09
1.611842829200000048e+09
1.611842829201999903e+09
1.611842829203000069e+09
1.611842829203999996e+09
1.611842829204999924e+09
1.611842829206000090e+09
1.611842829207000017e+09
1.611842829207999945e+09
1.611842829209000111e+09
1.611842829210000038e+09
1.611842829211999893e+09
1.611842829213000059e+09
1.611842829213999987e+09
1.611842829214999914e+09
1.611842829216000080e+09
1.611842829217000008e+09
1.611842829217999935e+09
1.611842829219000101e+09
1.611842829220000029e+09
1.611842829223999977e+09
1.611842829224999905e+09
1.611842829224999905e+09
1.611842829226000071e+09
1.611842829226999998e+09
1.611842829226999998e+09
1.611842829227999926e+09
1.611842829229000092e+09
1.611842829232000113e+09
1.611842829232000113e+09
1.611842829233000040e+09
1.611842829233999968e+09
1.611842829234999895e+09
1.611842829236000061e+09
1.611842829236999989e+09
1.611842829237999916e+09
1.611842829239000082e+09
1.611842829240000010e+09
1.611842829242000103e+09
1.611842829243000031e+09
1.611842829243999958e+09
1.611842829244999886e+09
1.611842829246000051e+09
1.611842829246999979e+09
1.611842829247999907e+09
1.611842829249000072e+09
1.611842829250000000e+09
1.611842829252000093e+09
1.611842829253000021e+09
1.611842829253999949e+09
1.611842829255000114e+09
1.611842829256000042e+09
1.611842829256999969e+09
1.611842829257999897e+09
1.611842829259999990e+09
1.611842829259999990e+09
1.611842829262000084e+09
1.611842829263000011e+09
1.611842829263999939e+09
1.611842829265000105e+09
1.611842829266000032e+09
1.611842829266999960e+09
1.611842829267999887e+09
1.611842829269000053e+09
1.611842829269999981e+09
1.611842829272000074e+09
1.611842829273000002e+09
1.611842829273999929e+09
1.611842829275000095e+09
1.611842829276000023e+09
1.611842829276999950e+09
1.611842829278000116e+09
1.611842829279000044e+09
1.611842829279999971e+09
1.611842829282000065e+09
1.611842829282999992e+09
1.611842829283999920e+09
1.611842829285000086e+09
1.611842829286000013e+09
1.611842829286999941e+09
1.611842829288000107e+09
1.611842829290999889e+09
1.611842829290999889e+09
1.611842829292000055e+09
1.611842829292999983e+09
1.611842829293999910e+09
1.611842829296999931e+09
1.611842829298000097e+09
1.611842829298000097e+09
1.611842829299000025e+09
1.611842829299999952e+09
1.611842829299999952e+09
1.611842829301000118e+09
1.611842829302999973e+09
1.611842829303999901e+09
1.611842829305000067e+09
1.611842829308000088e+09
1.611842829308000088e+09
1.611842829309000015e+09
1.611842829309999943e+09
1.611842829309999943e+09
1.611842829311000109e+09
1.611842829312999964e+09
1.611842829313999891e+09
1.611842829315000057e+09
1.611842829315999985e+09
1.611842829316999912e+09
1.611842829318000078e+09
1.611842829319000006e+09
1.611842829319999933e+09
1.611842829321000099e+09
1.611842829322999954e+09
1.611842829323999882e+09
1.611842829325000048e+09
1.611842829325999975e+09
1.611842829326999903e+09
1.611842829328000069e+09
1.611842829328999996e+09
1.611842829329999924e+09
1.611842829331000090e+09
1.611842829332999945e+09
1.611842829334000111e+09
1.611842829335000038e+09
1.611842829335999966e+09
1.611842829336999893e+09
1.611842829338000059e+09
1.611842829338999987e+09
1.611842829342000008e+09
1.611842829342000008e+09
1.611842829342999935e+09
1.611842829344000101e+09
1.611842829345000029e+09
1.611842829345999956e+09
1.611842829346999884e+09
1.611842829348000050e+09
1.611842829348999977e+09
1.611842829349999905e+09
1.611842829351000071e+09
1.611842829352999926e+09
1.611842829355000019e+09
1.611842829355999947e+09
1.611842829355999947e+09
1.611842829357000113e+09
1.611842829358000040e+09
1.611842829358999968e+09
1.611842829359999895e+09
1.611842829361000061e+09
1.611842829362999916e+09
1.611842829364000082e+09
1.611842829365000010e+09
1.611842829365999937e+09
1.611842829367000103e+09
1.611842829368000031e+09
1.611842829368999958e+09
1.611842829369999886e+09
1.611842829371000051e+09
1.611842829372999907e+09
1.611842829375999928e+09
1.611842829377000093e+09
1.611842829377000093e+09
1.611842829378000021e+09
1.611842829378999949e+09
1.611842829378999949e+09
1.611842829380000114e+09
1.611842829381000042e+09
1.611842829382999897e+09
1.611842829384000063e+09
1.611842829384999990e+09
1.611842829385999918e+09
1.611842829387000084e+09
1.611842829388000011e+09
1.611842829388999939e+09
1.611842829390000105e+09
1.611842829391000032e+09
1.611842829392999887e+09
1.611842829394000053e+09
1.611842829394999981e+09
1.611842829395999908e+09
1.611842829397000074e+09
1.611842829398000002e+09
1.611842829398999929e+09
1.611842829400000095e+09
1.611842829401000023e+09
1.611842829403000116e+09
1.611842829404000044e+09
1.611842829404999971e+09
1.611842829407999992e+09
1.611842829408999920e+09
1.611842829408999920e+09
1.611842829410000086e+09
1.611842829411000013e+09
1.611842829411000013e+09
1.611842829413000107e+09
1.611842829414000034e+09
1.611842829414999962e+09
1.611842829415999889e+09
1.611842829417000055e+09
1.611842829417999983e+09
1.611842829418999910e+09
1.611842829420000076e+09
1.611842829421000004e+09
1.611842829423000097e+09
1.611842829424000025e+09
1.611842829424999952e+09
1.611842829426000118e+09
1.611842829427000046e+09
1.611842829427999973e+09
1.611842829428999901e+09
1.611842829430000067e+09
1.611842829430999994e+09
1.611842829433000088e+09
1.611842829434000015e+09
1.611842829434999943e+09
1.611842829436000109e+09
1.611842829437000036e+09
1.611842829437999964e+09
1.611842829438999891e+09
1.611842829440999985e+09
1.611842829441999912e+09
1.611842829443000078e+09
1.611842829446000099e+09
1.611842829447000027e+09
1.611842829447000027e+09
1.611842829447999954e+09
1.611842829448999882e+09
1.611842829448999882e+09
1.611842829451999903e+09
1.611842829453999996e+09
1.611842829454999924e+09
1.611842829454999924e+09
1.611842829456000090e+09
1.611842829457000017e+09
1.611842829457999945e+09
1.611842829457999945e+09
1.611842829459000111e+09
1.611842829460000038e+09
1.611842829461999893e+09
1.611842829463000059e+09
1.611842829463999987e+09
1.611842829464999914e+09
1.611842829466000080e+09
1.611842829467000008e+09
1.611842829467999935e+09
1.611842829469000101e+09
1.611842829470000029e+09
1.611842829471999884e+09
1.611842829473000050e+09
1.611842829473999977e+09
1.611842829474999905e+09
1.611842829476000071e+09
1.611842829476999998e+09
1.611842829477999926e+09
1.611842829480000019e+09
1.611842829480000019e+09
1.611842829482000113e+09
1.611842829483000040e+09
1.611842829483999968e+09
1.611842829484999895e+09
1.611842829486999989e+09
1.611842829487999916e+09
1.611842829487999916e+09
1.611842829489000082e+09
1.611842829490000010e+09
1.611842829492000103e+09
1.611842829493000031e+09
1.611842829493999958e+09
1.611842829494999886e+09
1.611842829496000051e+09
1.611842829496999979e+09
1.611842829497999907e+09
1.611842829499000072e+09
1.611842829500000000e+09
1.611842829502000093e+09
1.611842829503000021e+09
1.611842829503999949e+09
1.611842829505000114e+09
1.611842829506000042e+09
1.611842829506999969e+09
1.611842829507999897e+09
1.611842829509000063e+09
1.611842829509999990e+09
1.611842829512000084e+09
1.611842829513000011e+09
1.611842829513999939e+09
1.611842829515000105e+09
1.611842829516000032e+09
1.611842829516999960e+09
1.611842829517999887e+09
1.611842829519000053e+09
1.611842829519999981e+09
1.611842829522000074e+09
1.611842829523000002e+09
1.611842829523999929e+09
1.611842829525000095e+09
1.611842829526000023e+09
1.611842829526999950e+09
1.611842829528000116e+09
1.611842829529000044e+09
1.611842829529999971e+09
1.611842829532000065e+09
1.611842829532999992e+09
1.611842829533999920e+09
1.611842829535000086e+09
1.611842829538000107e+09
1.611842829539000034e+09
1.611842829539999962e+09
1.611842829539999962e+09
1.611842829540999889e+09
1.611842829542999983e+09
1.611842829543999910e+09
1.611842829543999910e+09
1.611842829545000076e+09
1.611842829546000004e+09
1.611842829546999931e+09
1.611842829548000097e+09
1.611842829549000025e+09
1.611842829549999952e+09
1.611842829551000118e+09
1.611842829552999973e+09
1.611842829553999901e+09
1.611842829555000067e+09
1.611842829555999994e+09
1.611842829556999922e+09
1.611842829558000088e+09
1.611842829559000015e+09
1.611842829559999943e+09
1.611842829562999964e+09
1.611842829562999964e+09
1.611842829563999891e+09
1.611842829565000057e+09
1.611842829565999985e+09
1.611842829566999912e+09
1.611842829568000078e+09
1.611842829569000006e+09
1.611842829569999933e+09
1.611842829571000099e+09
1.611842829572999954e+09
1.611842829573999882e+09
1.611842829575000048e+09
1.611842829575999975e+09
1.611842829576999903e+09
1.611842829578000069e+09
1.611842829578999996e+09
1.611842829579999924e+09
1.611842829585000038e+09
1.611842829585000038e+09
1.611842829585999966e+09
1.611842829586999893e+09
1.611842829586999893e+09
1.611842829588000059e+09
1.611842829588999987e+09
1.611842829589999914e+09
1.611842829592999935e+09
1.611842829594000101e+09
1.611842829595000029e+09
1.611842829595999956e+09
1.611842829596999884e+09
1.611842829596999884e+09
1.611842829598000050e+09
1.611842829598999977e+09
1.611842829598999977e+09
1.611842829599999905e+09
1.611842829601000071e+09
1.611842829602999926e+09
1.611842829604000092e+09
1.611842829605000019e+09
1.611842829605999947e+09
1.611842829607000113e+09
1.611842829608000040e+09
1.611842829608999968e+09
1.611842829609999895e+09
1.611842829611000061e+09
1.611842829612999916e+09
1.611842829614000082e+09
1.611842829617000103e+09
1.611842829618000031e+09
1.611842829618000031e+09
1.611842829618999958e+09
1.611842829619999886e+09
1.611842829619999886e+09
1.611842829621000051e+09
1.611842829622999907e+09
1.611842829624000072e+09
1.611842829625000000e+09
1.611842829625999928e+09
1.611842829627000093e+09
1.611842829628000021e+09
1.611842829628999949e+09
1.611842829630000114e+09
1.611842829631000042e+09
1.611842829632999897e+09
1.611842829634000063e+09
1.611842829634999990e+09
1.611842829637000084e+09
1.611842829638000011e+09
1.611842829638000011e+09
1.611842829638999939e+09
1.611842829640000105e+09
1.611842829641000032e+09
1.611842829642999887e+09
1.611842829644000053e+09
1.611842829644999981e+09
1.611842829645999908e+09
1.611842829647000074e+09
1.611842829648000002e+09
1.611842829648999929e+09
1.611842829650000095e+09
1.611842829651000023e+09
1.611842829653000116e+09
1.611842829654000044e+09
1.611842829654999971e+09
1.611842829655999899e+09
1.611842829657000065e+09
1.611842829657999992e+09
1.611842829658999920e+09
1.611842829660000086e+09
1.611842829661000013e+09
1.611842829663000107e+09
1.611842829664000034e+09
1.611842829664999962e+09
1.611842829665999889e+09
1.611842829667000055e+09
1.611842829667999983e+09
1.611842829668999910e+09
1.611842829670000076e+09
1.611842829673000097e+09
1.611842829673000097e+09
1.611842829674000025e+09
1.611842829674999952e+09
1.611842829676000118e+09
1.611842829677000046e+09
1.611842829677999973e+09
1.611842829678999901e+09
1.611842829680000067e+09
1.611842829680999994e+09
1.611842829683000088e+09
1.611842829684000015e+09
1.611842829684999943e+09
1.611842829686000109e+09
1.611842829687000036e+09
1.611842829687999964e+09
1.611842829688999891e+09
1.611842829690000057e+09
1.611842829690999985e+09
1.611842829693000078e+09
1.611842829694000006e+09
1.611842829694999933e+09
1.611842829696000099e+09
1.611842829697000027e+09
1.611842829697999954e+09
1.611842829698999882e+09
1.611842829700000048e+09
1.611842829701999903e+09
1.611842829703000069e+09
1.611842829703999996e+09
1.611842829704999924e+09
1.611842829706000090e+09
1.611842829707000017e+09
1.611842829707999945e+09
1.611842829709000111e+09
1.611842829710000038e+09
1.611842829711999893e+09
1.611842829713000059e+09
1.611842829713999987e+09
1.611842829714999914e+09
1.611842829716000080e+09
1.611842829717000008e+09
1.611842829717999935e+09
1.611842829719000101e+09
1.611842829721999884e+09
1.611842829721999884e+09
1.611842829723000050e+09
1.611842829723999977e+09
1.611842829724999905e+09
1.611842829726000071e+09
1.611842829726999998e+09
1.611842829727999926e+09
1.611842829729000092e+09
1.611842829730000019e+09
1.611842829732000113e+09
1.611842829733000040e+09
1.611842829733999968e+09
1.611842829734999895e+09
1.611842829736000061e+09
1.611842829736999989e+09
1.611842829737999916e+09
1.611842829739000082e+09
1.611842829740000010e+09
1.611842829742000103e+09
1.611842829743000031e+09
1.611842829743999958e+09
1.611842829744999886e+09
1.611842829746000051e+09
1.611842829746999979e+09
1.611842829747999907e+09
1.611842829749000072e+09
1.611842829750000000e+09
1.611842829752000093e+09
1.611842829753000021e+09
1.611842829753999949e+09
1.611842829755000114e+09
1.611842829756000042e+09
1.611842829756999969e+09
1.611842829759000063e+09
1.611842829759999990e+09
1.611842829759999990e+09
1.611842829762000084e+09
1.611842829763000011e+09
1.611842829763999939e+09
1.611842829765000105e+09
1.611842829766000032e+09
1.611842829766999960e+09
1.611842829767999887e+09
1.611842829769000053e+09
1.611842829769999981e+09
1.611842829772000074e+09
1.611842829773000002e+09
1.611842829773999929e+09
1.611842829776999950e+09
1.611842829778000116e+09
1.611842829782000065e+09
1.611842829782000065e+09
1.611842829782999992e+09
1.611842829783999920e+09
1.611842829786000013e+09
1.611842829786000013e+09
1.611842829786999941e+09
1.611842829788000107e+09
1.611842829788000107e+09
1.611842829789000034e+09
1.611842829789000034e+09
1.611842829792000055e+09
1.611842829792999983e+09
1.611842829792999983e+09
1.611842829793999910e+09
1.611842829795000076e+09
1.611842829795000076e+09
1.611842829796000004e+09
1.611842829796999931e+09
1.611842829798000097e+09
1.611842829799000025e+09
1.611842829799999952e+09
1.611842829801000118e+09
1.611842829802999973e+09
1.611842829803999901e+09
1.611842829805000067e+09
1.611842829805999994e+09
1.611842829806999922e+09
1.611842829808000088e+09
1.611842829809000015e+09
1.611842829809999943e+09
1.611842829811000109e+09
1.611842829812999964e+09
1.611842829813999891e+09
1.611842829815000057e+09
1.611842829815999985e+09
1.611842829816999912e+09
1.611842829818000078e+09
1.611842829819000006e+09
1.611842829819999933e+09
1.611842829821000099e+09
1.611842829822999954e+09
1.611842829823999882e+09
1.611842829825000048e+09
1.611842829825999975e+09
1.611842829826999903e+09
1.611842829828000069e+09
1.611842829828999996e+09
1.611842829829999924e+09
1.611842829831000090e+09
1.611842829832999945e+09
1.611842829834000111e+09
1.611842829835000038e+09
1.611842829835999966e+09
1.611842829836999893e+09
1.611842829838000059e+09
1.611842829838999987e+09
1.611842829839999914e+09
1.611842829841000080e+09
1.611842829842999935e+09
1.611842829844000101e+09
1.611842829845000029e+09
1.611842829845999956e+09
1.611842829846999884e+09
1.611842829848000050e+09
1.611842829848999977e+09
1.611842829849999905e+09
1.611842829851000071e+09
1.611842829852999926e+09
1.611842829854000092e+09
1.611842829855000019e+09
1.611842829855999947e+09
1.611842829858999968e+09
1.611842829858999968e+09
1.611842829859999895e+09
1.611842829861000061e+09
1.611842829861999989e+09
1.611842829862999916e+09
1.611842829864000082e+09
1.611842829865000010e+09
1.611842829865999937e+09
1.611842829867000103e+09
1.611842829868000031e+09
1.611842829868999958e+09
1.611842829869999886e+09
1.611842829871000051e+09
1.611842829872999907e+09
1.611842829874000072e+09
1.611842829875000000e+09
1.611842829875999928e+09
1.611842829877000093e+09
1.611842829878000021e+09
1.611842829878999949e+09
1.611842829880000114e+09
1.611842829881000042e+09
1.611842829882999897e+09
1.611842829884000063e+09
1.611842829884999990e+09
1.611842829885999918e+09
1.611842829887000084e+09
1.611842829888000011e+09
1.611842829888999939e+09
1.611842829890000105e+09
1.611842829891000032e+09
1.611842829892999887e+09
1.611842829894000053e+09
1.611842829897000074e+09
1.611842829897000074e+09
1.611842829898000002e+09
1.611842829898999929e+09
1.611842829898999929e+09
1.611842829900000095e+09
1.611842829901000023e+09
1.611842829903000116e+09
1.611842829904000044e+09
1.611842829904999971e+09
1.611842829905999899e+09
1.611842829907000065e+09
1.611842829907999992e+09
1.611842829908999920e+09
1.611842829910000086e+09
1.611842829911000013e+09
1.611842829913000107e+09
1.611842829914000034e+09
1.611842829914999962e+09
1.611842829915999889e+09
1.611842829917000055e+09
1.611842829918999910e+09
1.611842829920000076e+09
1.611842829921000004e+09
1.611842829921999931e+09
1.611842829923000097e+09
1.611842829924000025e+09
1.611842829924999952e+09
1.611842829926000118e+09
1.611842829927000046e+09
1.611842829927999973e+09
1.611842829928999901e+09
1.611842829930000067e+09
1.611842829930999994e+09
1.611842829933000088e+09
1.611842829934000015e+09
1.611842829934999943e+09
1.611842829936000109e+09
1.611842829937000036e+09
1.611842829937999964e+09
1.611842829938999891e+09
1.611842829940000057e+09
1.611842829940999985e+09
1.611842829944999933e+09
1.611842829946000099e+09
1.611842829946000099e+09
1.611842829947000027e+09
1.611842829947999954e+09
1.611842829947999954e+09
1.611842829948999882e+09
1.611842829950000048e+09
1.611842829951999903e+09
1.611842829953000069e+09
1.611842829953999996e+09
1.611842829954999924e+09
1.611842829956000090e+09
1.611842829957000017e+09
1.611842829957999945e+09
1.611842829960999966e+09
1.611842829961999893e+09
1.611842829963000059e+09
1.611842829963000059e+09
1.611842829963999987e+09
1.611842829964999914e+09
1.611842829966000080e+09
1.611842829967000008e+09
1.611842829967999935e+09
1.611842829969000101e+09
1.611842829970000029e+09
1.611842829971999884e+09
1.611842829973000050e+09
1.611842829973999977e+09
1.611842829974999905e+09
1.611842829976000071e+09
1.611842829976999998e+09
1.611842829977999926e+09
1.611842829979000092e+09
1.611842829980000019e+09
1.611842829982000113e+09
1.611842829983000040e+09
1.611842829984999895e+09
1.611842829986000061e+09
1.611842829986999989e+09
1.611842829986999989e+09
1.611842829987999916e+09
1.611842829989000082e+09
1.611842829990999937e+09
1.611842829992000103e+09
1.611842829993000031e+09
1.611842829996000051e+09
1.611842829996000051e+09
1.611842829996999979e+09
1.611842829997999907e+09
1.611842830000000000e+09
1.611842830000999928e+09
1.611842830000999928e+09
1.611842830002000093e+09
1.611842830003000021e+09
1.611842830003999949e+09
1.611842830005000114e+09
1.611842830007999897e+09
1.611842830007999897e+09
1.611842830009000063e+09
1.611842830009999990e+09
1.611842830009999990e+09
1.611842830012000084e+09
1.611842830013000011e+09
1.611842830013999939e+09
1.611842830015000105e+09
1.611842830016000032e+09
1.611842830016999960e+09
1.611842830017999887e+09
1.611842830020999908e+09
1.611842830022000074e+09
1.611842830023000002e+09
1.611842830023000002e+09
1.611842830023999929e+09
1.611842830025000095e+09
1.611842830026000023e+09
1.611842830026999950e+09
1.611842830028000116e+09
1.611842830029000044e+09
1.611842830029999971e+09
1.611842830032000065e+09
1.611842830032999992e+09
1.611842830033999920e+09
1.611842830035000086e+09
1.611842830036000013e+09
1.611842830036999941e+09
1.611842830038000107e+09
1.611842830039000034e+09
1.611842830039999962e+09
1.611842830042000055e+09
1.611842830042999983e+09
1.611842830043999910e+09
1.611842830045000076e+09
1.611842830046000004e+09
1.611842830046999931e+09
1.611842830048000097e+09
1.611842830049000025e+09
1.611842830049999952e+09
1.611842830051000118e+09
1.611842830052999973e+09
1.611842830053999901e+09
1.611842830055000067e+09
1.611842830055999994e+09
1.611842830056999922e+09
1.611842830058000088e+09
1.611842830059000015e+09
1.611842830059999943e+09
1.611842830061000109e+09
1.611842830062999964e+09
1.611842830063999891e+09
1.611842830065000057e+09
1.611842830065999985e+09
1.611842830066999912e+09
1.611842830068000078e+09
1.611842830069000006e+09
1.611842830069999933e+09
1.611842830071000099e+09
1.611842830072999954e+09
1.611842830073999882e+09
1.611842830075000048e+09
1.611842830075999975e+09
1.611842830076999903e+09
1.611842830078000069e+09
1.611842830078999996e+09
1.611842830079999924e+09
1.611842830081000090e+09
1.611842830082999945e+09
1.611842830084000111e+09
1.611842830085000038e+09
1.611842830085999966e+09
1.611842830086999893e+09
1.611842830088000059e+09
1.611842830088999987e+09
1.611842830089999914e+09
1.611842830091000080e+09
1.611842830092999935e+09
1.611842830094000101e+09
1.611842830095000029e+09
1.611842830095999956e+09
1.611842830096999884e+09
1.611842830098000050e+09
1.611842830098999977e+09
1.611842830099999905e+09
1.611842830101000071e+09
1.611842830102999926e+09
1.611842830104000092e+09
1.611842830107000113e+09
1.611842830108000040e+09
1.611842830108000040e+09
1.611842830108999968e+09
1.611842830108999968e+09
1.611842830109999895e+09
1.611842830111000061e+09
1.611842830112999916e+09
1.611842830114000082e+09
1.611842830115000010e+09
1.611842830115999937e+09
1.611842830118999958e+09
1.611842830118999958e+09
1.611842830119999886e+09
1.611842830121000051e+09
1.611842830121000051e+09
1.611842830122999907e+09
1.611842830124000072e+09
1.611842830125000000e+09
1.611842830125999928e+09
1.611842830127000093e+09
1.611842830128000021e+09
1.611842830130000114e+09
1.611842830130000114e+09
1.611842830132999897e+09
1.611842830134000063e+09
1.611842830134000063e+09
1.611842830134999990e+09
1.611842830135999918e+09
1.611842830137000084e+09
1.611842830138000011e+09
1.611842830138999939e+09
1.611842830140000105e+09
1.611842830141000032e+09
1.611842830144999981e+09
1.611842830145999908e+09
1.611842830145999908e+09
1.611842830147000074e+09
1.611842830148000002e+09
1.611842830148000002e+09
1.611842830148999929e+09
1.611842830150000095e+09
1.611842830151000023e+09
1.611842830153000116e+09
1.611842830154000044e+09
1.611842830154999971e+09
1.611842830155999899e+09
1.611842830157000065e+09
1.611842830157999992e+09
1.611842830158999920e+09
1.611842830160000086e+09
1.611842830161000013e+09
1.611842830163000107e+09
1.611842830164000034e+09
1.611842830164999962e+09
1.611842830165999889e+09
1.611842830167000055e+09
1.611842830167999983e+09
1.611842830168999910e+09
1.611842830170000076e+09
1.611842830171000004e+09
1.611842830173000097e+09
1.611842830174000025e+09
1.611842830174999952e+09
1.611842830176000118e+09
1.611842830177000046e+09
1.611842830177999973e+09
1.611842830178999901e+09
1.611842830180000067e+09
1.611842830180999994e+09
1.611842830183000088e+09
1.611842830184000015e+09
1.611842830184999943e+09
1.611842830186000109e+09
1.611842830187000036e+09
1.611842830187999964e+09
1.611842830188999891e+09
1.611842830190000057e+09
1.611842830190999985e+09
1.611842830193000078e+09
1.611842830194000006e+09
1.611842830194999933e+09
1.611842830196000099e+09
1.611842830197000027e+09
1.611842830197999954e+09
1.611842830198999882e+09
1.611842830200000048e+09
1.611842830201999903e+09
1.611842830203000069e+09
1.611842830203999996e+09
1.611842830204999924e+09
1.611842830207999945e+09
1.611842830209000111e+09
1.611842830209000111e+09
1.611842830210000038e+09
1.611842830210999966e+09
1.611842830211999893e+09
1.611842830213000059e+09
1.611842830213999987e+09
1.611842830214999914e+09
1.611842830216000080e+09
1.611842830217000008e+09
1.611842830217999935e+09
1.611842830219000101e+09
1.611842830220000029e+09
1.611842830221999884e+09
1.611842830223000050e+09
1.611842830223999977e+09
1.611842830224999905e+09
1.611842830226000071e+09
1.611842830226999998e+09
1.611842830230000019e+09
1.611842830230000019e+09
1.611842830230999947e+09
1.611842830232000113e+09
1.611842830233000040e+09
1.611842830233999968e+09
1.611842830234999895e+09
1.611842830236000061e+09
1.611842830236999989e+09
1.611842830237999916e+09
1.611842830239000082e+09
1.611842830240000010e+09
1.611842830242000103e+09
1.611842830243000031e+09
1.611842830243999958e+09
1.611842830244999886e+09
1.611842830246000051e+09
1.611842830246999979e+09
1.611842830247999907e+09
1.611842830249000072e+09
1.611842830250000000e+09
1.611842830252000093e+09
1.611842830253000021e+09
1.611842830253999949e+09
1.611842830255000114e+09
1.611842830256000042e+09
1.611842830256999969e+09
1.611842830257999897e+09
1.611842830259000063e+09
1.611842830262000084e+09
1.611842830263000011e+09
1.611842830263000011e+09
1.611842830263999939e+09
1.611842830265000105e+09
1.611842830266000032e+09
1.611842830269000053e+09
1.611842830270999908e+09
1.611842830270999908e+09
1.611842830272000074e+09
1.611842830273000002e+09
1.611842830273000002e+09
1.611842830273999929e+09
1.611842830275000095e+09
1.611842830276000023e+09
1.611842830276999950e+09
1.611842830278000116e+09
1.611842830279000044e+09
1.611842830279999971e+09
1.611842830282000065e+09
1.611842830282999992e+09
1.611842830283999920e+09
1.611842830285000086e+09
1.611842830286000013e+09
1.611842830286999941e+09
1.611842830288000107e+09
1.611842830289000034e+09
1.611842830289999962e+09
1.611842830292000055e+09
1.611842830292999983e+09
1.611842830293999910e+09
1.611842830295000076e+09
1.611842830296000004e+09
1.611842830296999931e+09
1.611842830298000097e+09
1.611842830299000025e+09
1.611842830299999952e+09
1.611842830301000118e+09
1.611842830302999973e+09
1.611842830305999994e+09
1.611842830306999922e+09
1.611842830306999922e+09
1.611842830308000088e+09
1.611842830309000015e+09
1.611842830309000015e+09
1.611842830309999943e+09
1.611842830311000109e+09
1.611842830312999964e+09
1.611842830313999891e+09
1.611842830315000057e+09
1.611842830315999985e+09
1.611842830316999912e+09
1.611842830318000078e+09
1.611842830319000006e+09
1.611842830319999933e+09
1.611842830321000099e+09
1.611842830322999954e+09
1.611842830323999882e+09
1.611842830325000048e+09
1.611842830325999975e+09
1.611842830328999996e+09
1.611842830329999924e+09
1.611842830329999924e+09
1.611842830331000090e+09
1.611842830332000017e+09
1.611842830332999945e+09
1.611842830334000111e+09
1.611842830335000038e+09
1.611842830335999966e+09
1.611842830336999893e+09
1.611842830338000059e+09
1.611842830341000080e+09
1.611842830341000080e+09
1.611842830342000008e+09
1.611842830342999935e+09
1.611842830344000101e+09
1.611842830345000029e+09
1.611842830345999956e+09
1.611842830346999884e+09
1.611842830348000050e+09
1.611842830348999977e+09
1.611842830349999905e+09
1.611842830351000071e+09
1.611842830352999926e+09
1.611842830354000092e+09
1.611842830355000019e+09
1.611842830355999947e+09
1.611842830357000113e+09
1.611842830358000040e+09
1.611842830358999968e+09
1.611842830359999895e+09
1.611842830361000061e+09
1.611842830362999916e+09
1.611842830364000082e+09
1.611842830365000010e+09
1.611842830365999937e+09
1.611842830367000103e+09
1.611842830368000031e+09
1.611842830368999958e+09
1.611842830369999886e+09
1.611842830371000051e+09
1.611842830372999907e+09
1.611842830374000072e+09
1.611842830375000000e+09
1.611842830375999928e+09
1.611842830377000093e+09
1.611842830378000021e+09
1.611842830378999949e+09
1.611842830380000114e+09
1.611842830381000042e+09
1.611842830382999897e+09
1.611842830384000063e+09
1.611842830384999990e+09
1.611842830385999918e+09
1.611842830387000084e+09
1.611842830388000011e+09
1.611842830388999939e+09
1.611842830390000105e+09
1.611842830391000032e+09
1.611842830392999887e+09
1.611842830394000053e+09
1.611842830394999981e+09
1.611842830395999908e+09
1.611842830397000074e+09
1.611842830398000002e+09
1.611842830398999929e+09
1.611842830400000095e+09
1.611842830401000023e+09
1.611842830403000116e+09
1.611842830404000044e+09
1.611842830404999971e+09
1.611842830405999899e+09
1.611842830408999920e+09
1.611842830410000086e+09
1.611842830410000086e+09
1.611842830411000013e+09
1.611842830411999941e+09
1.611842830413000107e+09
1.611842830415999889e+09
1.611842830417000055e+09
1.611842830417999983e+09
1.611842830417999983e+09
1.611842830418999910e+09
1.611842830420000076e+09
1.611842830420000076e+09
1.611842830421000004e+09
1.611842830423000097e+09
1.611842830424000025e+09
1.611842830424999952e+09
1.611842830426000118e+09
1.611842830427000046e+09
1.611842830427999973e+09
1.611842830430999994e+09
1.611842830431999922e+09
1.611842830431999922e+09
1.611842830433000088e+09
1.611842830434000015e+09
1.611842830434999943e+09
1.611842830436000109e+09
1.611842830437000036e+09
1.611842830437999964e+09
1.611842830438999891e+09
1.611842830440000057e+09
1.611842830440999985e+09
1.611842830443000078e+09
1.611842830444000006e+09
1.611842830444999933e+09
1.611842830446000099e+09
1.611842830447000027e+09
1.611842830447999954e+09
1.611842830448999882e+09
1.611842830451999903e+09
1.611842830453000069e+09
1.611842830453000069e+09
1.611842830453999996e+09
1.611842830454999924e+09
1.611842830456000090e+09
1.611842830457000017e+09
1.611842830457999945e+09
1.611842830459000111e+09
1.611842830460000038e+09
1.611842830461999893e+09
1.611842830463000059e+09
1.611842830463999987e+09
1.611842830464999914e+09
1.611842830466000080e+09
1.611842830467000008e+09
1.611842830467999935e+09
1.611842830469000101e+09
1.611842830470000029e+09
1.611842830471999884e+09
1.611842830473000050e+09
1.611842830473999977e+09
1.611842830474999905e+09
1.611842830476000071e+09
1.611842830476999998e+09
1.611842830477999926e+09
1.611842830479000092e+09
1.611842830480000019e+09
1.611842830482000113e+09
1.611842830483000040e+09
1.611842830483999968e+09
1.611842830484999895e+09
1.611842830486000061e+09
1.611842830486999989e+09
1.611842830487999916e+09
1.611842830489000082e+09
1.611842830490000010e+09
1.611842830492000103e+09
1.611842830493000031e+09
1.611842830493999958e+09
1.611842830494999886e+09
1.611842830496000051e+09
1.611842830496999979e+09
1.611842830497999907e+09
1.611842830499000072e+09
1.611842830500000000e+09
1.611842830505000114e+09
1.611842830506000042e+09
1.611842830506000042e+09
1.611842830506999969e+09
1.611842830507999897e+09
1.611842830507999897e+09
1.611842830509000063e+09
1.611842830509999990e+09
1.611842830509999990e+09
1.611842830513999939e+09
1.611842830515000105e+09
1.611842830515000105e+09
1.611842830516000032e+09
1.611842830516000032e+09
1.611842830516999960e+09
1.611842830517999887e+09
1.611842830519000053e+09
1.611842830519999981e+09
1.611842830522000074e+09
1.611842830523000002e+09
1.611842830523999929e+09
1.611842830525000095e+09
1.611842830526000023e+09
1.611842830526999950e+09
1.611842830528000116e+09
1.611842830529000044e+09
1.611842830529999971e+09
1.611842830532999992e+09
1.611842830533999920e+09
1.611842830535000086e+09
1.611842830535000086e+09
1.611842830536000013e+09
1.611842830536999941e+09
1.611842830538000107e+09
1.611842830539000034e+09
1.611842830539999962e+09
1.611842830542999983e+09
1.611842830543999910e+09
1.611842830546000004e+09
1.611842830546999931e+09
1.611842830546999931e+09
1.611842830548000097e+09
1.611842830549000025e+09
1.611842830549000025e+09
1.611842830549999952e+09
1.611842830551000118e+09
1.611842830552999973e+09
1.611842830553999901e+09
1.611842830555000067e+09
1.611842830555999994e+09
1.611842830556999922e+09
1.611842830558000088e+09
1.611842830559000015e+09
1.611842830559999943e+09
1.611842830562999964e+09
1.611842830562999964e+09
1.611842830563999891e+09
1.611842830565000057e+09
1.611842830565999985e+09
1.611842830566999912e+09
1.611842830568000078e+09
1.611842830569000006e+09
1.611842830569999933e+09
1.611842830571000099e+09
1.611842830572999954e+09
1.611842830573999882e+09
1.611842830575000048e+09
1.611842830575999975e+09
1.611842830576999903e+09
1.611842830578000069e+09
1.611842830578999996e+09
1.611842830579999924e+09
1.611842830581000090e+09
1.611842830582999945e+09
1.611842830584000111e+09
1.611842830585000038e+09
1.611842830585999966e+09
1.611842830586999893e+09
1.611842830588000059e+09
1.611842830588999987e+09
1.611842830589999914e+09
1.611842830592999935e+09
1.611842830594000101e+09
1.611842830594000101e+09
1.611842830595000029e+09
1.611842830595999956e+09
1.611842830596999884e+09
1.611842830598000050e+09
1.611842830598999977e+09
1.611842830599999905e+09
1.611842830601000071e+09
1.611842830602999926e+09
1.611842830604000092e+09
1.611842830605000019e+09
1.611842830605999947e+09
1.611842830608000040e+09
1.611842830608000040e+09
1.611842830608999968e+09
1.611842830609999895e+09
1.611842830611999989e+09
1.611842830612999916e+09
1.611842830614000082e+09
1.611842830615000010e+09
1.611842830615999937e+09
1.611842830617000103e+09
1.611842830618999958e+09
1.611842830618999958e+09
1.611842830619999886e+09
1.611842830622999907e+09
1.611842830624000072e+09
1.611842830625000000e+09
1.611842830625999928e+09
1.611842830625999928e+09
1.611842830627000093e+09
1.611842830628000021e+09
1.611842830628999949e+09
1.611842830630000114e+09
1.611842830631000042e+09
1.611842830632999897e+09
1.611842830634999990e+09
1.611842830634999990e+09
1.611842830635999918e+09
1.611842830637000084e+09
1.611842830638000011e+09
1.611842830638999939e+09
1.611842830640000105e+09
1.611842830641000032e+09
1.611842830642999887e+09
1.611842830644000053e+09
1.611842830644999981e+09
1.611842830645999908e+09
1.611842830647000074e+09
1.611842830648000002e+09
1.611842830648999929e+09
1.611842830650000095e+09
1.611842830651000023e+09
1.611842830653000116e+09
1.611842830654000044e+09
1.611842830654999971e+09
1.611842830655999899e+09
1.611842830657000065e+09
1.611842830657999992e+09
1.611842830658999920e+09
1.611842830660000086e+09
1.611842830661000013e+09
1.611842830663000107e+09
1.611842830664000034e+09
1.611842830664999962e+09
1.611842830665999889e+09
1.611842830667000055e+09
1.611842830667999983e+09
1.611842830668999910e+09
1.611842830671999931e+09
1.611842830671999931e+09
1.611842830673000097e+09
1.611842830674000025e+09
1.611842830674999952e+09
1.611842830676000118e+09
1.611842830677000046e+09
1.611842830677999973e+09
1.611842830678999901e+09
1.611842830681999922e+09
1.611842830681999922e+09
1.611842830683000088e+09
1.611842830684000015e+09
1.611842830684999943e+09
1.611842830686000109e+09
1.611842830687000036e+09
1.611842830687999964e+09
1.611842830688999891e+09
1.611842830690000057e+09
1.611842830690999985e+09
1.611842830693000078e+09
1.611842830694000006e+09
1.611842830697000027e+09
1.611842830697999954e+09
1.611842830697999954e+09
1.611842830698999882e+09
1.611842830700000048e+09
1.611842830700000048e+09
1.611842830701999903e+09
1.611842830703000069e+09
1.611842830703999996e+09
1.611842830704999924e+09
1.611842830706000090e+09
1.611842830707000017e+09
1.611842830707999945e+09
1.611842830709000111e+09
1.611842830710000038e+09
1.611842830711999893e+09
1.611842830713000059e+09
1.611842830713999987e+09
1.611842830714999914e+09
1.611842830716000080e+09
1.611842830717000008e+09
1.611842830717999935e+09
1.611842830719000101e+09
1.611842830720000029e+09
1.611842830721999884e+09
1.611842830723000050e+09
1.611842830723999977e+09
1.611842830724999905e+09
1.611842830726000071e+09
1.611842830726999998e+09
1.611842830727999926e+09
1.611842830729000092e+09
1.611842830730000019e+09
1.611842830732000113e+09
1.611842830733000040e+09
1.611842830733999968e+09
1.611842830734999895e+09
1.611842830736000061e+09
1.611842830736999989e+09
1.611842830737999916e+09
1.611842830739000082e+09
1.611842830740000010e+09
1.611842830742000103e+09
1.611842830743000031e+09
1.611842830746000051e+09
1.611842830746999979e+09
1.611842830747999907e+09
1.611842830747999907e+09
1.611842830749000072e+09
1.611842830750000000e+09
1.611842830750000000e+09
1.611842830752000093e+09
1.611842830755000114e+09
1.611842830756000042e+09
1.611842830756000042e+09
1.611842830756999969e+09
1.611842830757999897e+09
1.611842830757999897e+09
1.611842830759000063e+09
1.611842830759999990e+09
1.611842830762000084e+09
1.611842830763000011e+09
1.611842830763999939e+09
1.611842830765000105e+09
1.611842830766000032e+09
1.611842830766999960e+09
1.611842830767999887e+09
1.611842830769000053e+09
1.611842830769999981e+09
1.611842830772000074e+09
1.611842830773000002e+09
1.611842830773999929e+09
1.611842830775000095e+09
1.611842830776000023e+09
1.611842830776999950e+09
1.611842830778000116e+09
1.611842830779000044e+09
1.611842830782000065e+09
1.611842830782999992e+09
1.611842830782999992e+09
1.611842830783999920e+09
1.611842830785000086e+09
1.611842830786000013e+09
1.611842830786999941e+09
1.611842830788000107e+09
1.611842830789000034e+09
1.611842830789999962e+09
1.611842830792000055e+09
1.611842830792999983e+09
1.611842830793999910e+09
1.611842830795000076e+09
1.611842830796000004e+09
1.611842830796999931e+09
1.611842830798000097e+09
1.611842830799000025e+09
1.611842830799999952e+09
1.611842830801000118e+09
1.611842830802999973e+09
1.611842830803999901e+09
1.611842830805000067e+09
1.611842830806999922e+09
1.611842830806999922e+09
1.611842830808000088e+09
1.611842830809000015e+09
1.611842830809999943e+09
1.611842830811000109e+09
1.611842830813999891e+09
1.611842830815000057e+09
1.611842830815999985e+09
1.611842830816999912e+09
1.611842830819000006e+09
1.611842830819999933e+09
1.611842830819999933e+09
1.611842830821000099e+09
1.611842830822000027e+09
1.611842830822999954e+09
1.611842830823999882e+09
1.611842830825000048e+09
1.611842830825999975e+09
1.611842830826999903e+09
1.611842830829999924e+09
1.611842830831000090e+09
1.611842830831000090e+09
1.611842830832000017e+09
1.611842830832999945e+09
1.611842830834000111e+09
1.611842830835000038e+09
1.611842830835999966e+09
1.611842830836999893e+09
1.611842830838000059e+09
1.611842830838999987e+09
1.611842830839999914e+09
1.611842830841000080e+09
1.611842830842999935e+09
1.611842830844000101e+09
1.611842830845000029e+09
1.611842830845999956e+09
1.611842830846999884e+09
1.611842830848000050e+09
1.611842830848999977e+09
1.611842830849999905e+09
1.611842830851000071e+09
1.611842830852999926e+09
1.611842830854000092e+09
1.611842830855000019e+09
1.611842830855999947e+09
1.611842830857000113e+09
1.611842830858000040e+09
1.611842830858999968e+09
1.611842830859999895e+09
1.611842830861000061e+09
1.611842830862999916e+09
1.611842830864000082e+09
1.611842830865000010e+09
1.611842830865999937e+09
1.611842830867000103e+09
1.611842830868000031e+09
1.611842830868999958e+09
1.611842830869999886e+09
1.611842830871000051e+09
1.611842830872999907e+09
1.611842830874000072e+09
1.611842830875000000e+09
1.611842830875999928e+09
1.611842830877000093e+09
1.611842830880000114e+09
1.611842830881000042e+09
1.611842830881000042e+09
1.611842830881999969e+09
1.611842830882999897e+09
1.611842830884000063e+09
1.611842830884999990e+09
1.611842830885999918e+09
1.611842830887000084e+09
1.611842830888000011e+09
1.611842830888999939e+09
1.611842830891999960e+09
1.611842830891999960e+09
1.611842830892999887e+09
1.611842830894000053e+09
1.611842830894999981e+09
1.611842830895999908e+09
1.611842830897000074e+09
1.611842830898000002e+09
1.611842830898999929e+09
1.611842830900000095e+09
1.611842830901000023e+09
1.611842830903000116e+09
1.611842830904000044e+09
1.611842830904999971e+09
1.611842830905999899e+09
1.611842830907000065e+09
1.611842830907999992e+09
1.611842830908999920e+09
1.611842830910000086e+09
1.611842830911000013e+09
1.611842830913000107e+09
1.611842830914000034e+09
1.611842830917000055e+09
1.611842830917000055e+09
1.611842830917999983e+09
1.611842830918999910e+09
1.611842830918999910e+09
1.611842830920000076e+09
1.611842830921000004e+09
1.611842830923000097e+09
1.611842830924000025e+09
1.611842830924999952e+09
1.611842830926000118e+09
1.611842830927000046e+09
1.611842830927999973e+09
1.611842830928999901e+09
1.611842830930000067e+09
1.611842830930999994e+09
1.611842830933000088e+09
1.611842830934000015e+09
1.611842830934999943e+09
1.611842830936000109e+09
1.611842830937000036e+09
1.611842830937999964e+09
1.611842830938999891e+09
1.611842830940000057e+09
1.611842830940999985e+09
1.611842830943000078e+09
1.611842830944000006e+09
1.611842830944999933e+09
1.611842830946000099e+09
1.611842830947000027e+09
1.611842830947999954e+09
1.611842830948999882e+09
1.611842830950000048e+09
