1.611842843480000019e+09
1.611842843487999916e+09
1.611842843490000010e+09
1.611842843490999937e+09
1.611842843492000103e+09
1.611842843492000103e+09
1.611842843493000031e+09
1.611842843493999958e+09
1.611842843494999886e+09
1.611842843497999907e+09
1.611842843499000072e+09
1.611842843499000072e+09
1.611842843500000000e+09
1.611842843500999928e+09
1.611842843502000093e+09
1.611842843503000021e+09
1.611842843503999949e+09
1.611842843506000042e+09
1.611842843506999969e+09
1.611842843506999969e+09
1.611842843507999897e+09
1.611842843509000063e+09
1.611842843509999990e+09
1.611842843510999918e+09
1.611842843510999918e+09
1.611842843513999939e+09
1.611842843513999939e+09
1.611842843515000105e+09
1.611842843516000032e+09
1.611842843516999960e+09
1.611842843517999887e+09
1.611842843519000053e+09
1.611842843520999908e+09
1.611842843523000002e+09
1.611842843523999929e+09
1.611842843523999929e+09
1.611842843525000095e+09
1.611842843526000023e+09
1.611842843526999950e+09
1.611842843529999971e+09
1.611842843530999899e+09
1.611842843530999899e+09
1.611842843532000065e+09
1.611842843532999992e+09
1.611842843533999920e+09
1.611842843535000086e+09
1.611842843538000107e+09
1.611842843539000034e+09
1.611842843539000034e+09
1.611842843539999962e+09
1.611842843542999983e+09
1.611842843543999910e+09
1.611842843545000076e+09
1.611842843548000097e+09
1.611842843549000025e+09
1.611842843549000025e+09
1.611842843549999952e+09
1.611842843551000118e+09
1.611842843552000046e+09
1.611842843552000046e+09
1.611842843552999973e+09
1.611842843553999901e+09
1.611842843556999922e+09
1.611842843559000015e+09
1.611842843559999943e+09
1.611842843559999943e+09
1.611842843561000109e+09
1.611842843562000036e+09
1.611842843562999964e+09
1.611842843565000057e+09
1.611842843565999985e+09
1.611842843569000006e+09
1.611842843569000006e+09
1.611842843569999933e+09
1.611842843571000099e+09
1.611842843572000027e+09
1.611842843572999954e+09
1.611842843573999882e+09
1.611842843575000048e+09
1.611842843575000048e+09
1.611842843575999975e+09
1.611842843578999996e+09
1.611842843578999996e+09
1.611842843579999924e+09
1.611842843581000090e+09
1.611842843582000017e+09
1.611842843582000017e+09
1.611842843582999945e+09
1.611842843585000038e+09
1.611842843585999966e+09
1.611842843586999893e+09
1.611842843589999914e+09
1.611842843589999914e+09
1.611842843591000080e+09
1.611842843592000008e+09
1.611842843595000029e+09
1.611842843595000029e+09
1.611842843595999956e+09
1.611842843596999884e+09
1.611842843598000050e+09
1.611842843598000050e+09
1.611842843601000071e+09
1.611842843602999926e+09
1.611842843604000092e+09
1.611842843604000092e+09
1.611842843605000019e+09
1.611842843605999947e+09
1.611842843605999947e+09
1.611842843607000113e+09
1.611842843608000040e+09
1.611842843609999895e+09
1.611842843609999895e+09
1.611842843611000061e+09
1.611842843611999989e+09
1.611842843611999989e+09
1.611842843612999916e+09
1.611842843614000082e+09
1.611842843614000082e+09
1.611842843615000010e+09
1.611842843618000031e+09
1.611842843618000031e+09
1.611842843618999958e+09
1.611842843619999886e+09
1.611842843619999886e+09
1.611842843621000051e+09
1.611842843621999979e+09
1.611842843624000072e+09
1.611842843625999928e+09
1.611842843625999928e+09
1.611842843627000093e+09
1.611842843628000021e+09
1.611842843630000114e+09
1.611842843630000114e+09
1.611842843631000042e+09
1.611842843631999969e+09
1.611842843631999969e+09
1.611842843632999897e+09
1.611842843635999918e+09
1.611842843635999918e+09
1.611842843637000084e+09
1.611842843638000011e+09
1.611842843638000011e+09
1.611842843642999887e+09
1.611842843644000053e+09
1.611842843644000053e+09
1.611842843644999981e+09
1.611842843645999908e+09
1.611842843645999908e+09
1.611842843647000074e+09
1.611842843650000095e+09
1.611842843651000023e+09
1.611842843651000023e+09
1.611842843651999950e+09
1.611842843653000116e+09
1.611842843654999971e+09
1.611842843657000065e+09
1.611842843658999920e+09
1.611842843660000086e+09
1.611842843660000086e+09
1.611842843663000107e+09
1.611842843664000034e+09
1.611842843664000034e+09
1.611842843664999962e+09
1.611842843665999889e+09
1.611842843665999889e+09
1.611842843667000055e+09
1.611842843670000076e+09
1.611842843670000076e+09
1.611842843671000004e+09
1.611842843671999931e+09
1.611842843671999931e+09
1.611842843673000097e+09
1.611842843676000118e+09
1.611842843676000118e+09
1.611842843677000046e+09
1.611842843677999973e+09
1.611842843677999973e+09
1.611842843678999901e+09
1.611842843681999922e+09
1.611842843681999922e+09
1.611842843683000088e+09
1.611842843684999943e+09
1.611842843686000109e+09
1.611842843688999891e+09
1.611842843690999985e+09
1.611842843690999985e+09
1.611842843691999912e+09
1.611842843693000078e+09
1.611842843694000006e+09
1.611842843696000099e+09
1.611842843696000099e+09
1.611842843697000027e+09
1.611842843697999954e+09
1.611842843698999882e+09
1.611842843698999882e+09
1.611842843700000048e+09
1.611842843703000069e+09
1.611842843703999996e+09
1.611842843703999996e+09
1.611842843704999924e+09
1.611842843706000090e+09
1.611842843707000017e+09
1.611842843709000111e+09
1.611842843710000038e+09
1.611842843710000038e+09
1.611842843710999966e+09
1.611842843711999893e+09
1.611842843713999987e+09
1.611842843717000008e+09
1.611842843717000008e+09
1.611842843720000029e+09
1.611842843720999956e+09
1.611842843721999884e+09
1.611842843721999884e+09
1.611842843724999905e+09
1.611842843727999926e+09
1.611842843729000092e+09
1.611842843729000092e+09
1.611842843730000019e+09
1.611842843730999947e+09
1.611842843730999947e+09
1.611842843732000113e+09
1.611842843733000040e+09
1.611842843733000040e+09
1.611842843733999968e+09
1.611842843736999989e+09
1.611842843737999916e+09
1.611842843737999916e+09
1.611842843739000082e+09
1.611842843740000010e+09
1.611842843740000010e+09
1.611842843740999937e+09
1.611842843742000103e+09
1.611842843743999958e+09
1.611842843744999886e+09
1.611842843744999886e+09
1.611842843746000051e+09
1.611842843746000051e+09
1.611842843746999979e+09
1.611842843750000000e+09
1.611842843750999928e+09
1.611842843750999928e+09
1.611842843752000093e+09
1.611842843753000021e+09
1.611842843756999969e+09
1.611842843756999969e+09
1.611842843757999897e+09
1.611842843759000063e+09
1.611842843759000063e+09
1.611842843759999990e+09
1.611842843760999918e+09
1.611842843763000011e+09
1.611842843763999939e+09
1.611842843763999939e+09
1.611842843765000105e+09
1.611842843766000032e+09
1.611842843767999887e+09
1.611842843770999908e+09
1.611842843772000074e+09
1.611842843772000074e+09
1.611842843773000002e+09
1.611842843773999929e+09
1.611842843773999929e+09
1.611842843776999950e+09
1.611842843778000116e+09
1.611842843778000116e+09
1.611842843779000044e+09
1.611842843779999971e+09
1.611842843779999971e+09
1.611842843782999992e+09
1.611842843783999920e+09
1.611842843786000013e+09
1.611842843789000034e+09
1.611842843789999962e+09
1.611842843792000055e+09
1.611842843792999983e+09
1.611842843792999983e+09
1.611842843793999910e+09
1.611842843795000076e+09
1.611842843795000076e+09
1.611842843796000004e+09
1.611842843798000097e+09
1.611842843799000025e+09
1.611842843802000046e+09
1.611842843802999973e+09
1.611842843802999973e+09
1.611842843803999901e+09
1.611842843803999901e+09
1.611842843805000067e+09
1.611842843805999994e+09
1.611842843805999994e+09
1.611842843809000015e+09
1.611842843809000015e+09
1.611842843809999943e+09
1.611842843811000109e+09
1.611842843811000109e+09
1.611842843812000036e+09
1.611842843812999964e+09
1.611842843815000057e+09
1.611842843815999985e+09
1.611842843815999985e+09
1.611842843816999912e+09
1.611842843819999933e+09
1.611842843822999954e+09
1.611842843825000048e+09
1.611842843825999975e+09
1.611842843825999975e+09
1.611842843826999903e+09
1.611842843828000069e+09
1.611842843828000069e+09
1.611842843831000090e+09
1.611842843832000017e+09
1.611842843832000017e+09
1.611842843832999945e+09
1.611842843834000111e+09
1.611842843834000111e+09
1.611842843835000038e+09
1.611842843835999966e+09
1.611842843838000059e+09
1.611842843838999987e+09
1.611842843838999987e+09
1.611842843839999914e+09
1.611842843841000080e+09
1.611842843841000080e+09
1.611842843844000101e+09
1.611842843845000029e+09
1.611842843845000029e+09
1.611842843845999956e+09
1.611842843846999884e+09
1.611842843851000071e+09
1.611842843851999998e+09
1.611842843851999998e+09
1.611842843852999926e+09
1.611842843854000092e+09
1.611842843854000092e+09
1.611842843857000113e+09
1.611842843858000040e+09
1.611842843858000040e+09
1.611842843858999968e+09
1.611842843859999895e+09
1.611842843859999895e+09
1.611842843862999916e+09
1.611842843864000082e+09
1.611842843864000082e+09
1.611842843865000010e+09
1.611842843865999937e+09
1.611842843868000031e+09
1.611842843868999958e+09
1.611842843868999958e+09
1.611842843869999886e+09
1.611842843871000051e+09
1.611842843872999907e+09
1.611842843875000000e+09
1.611842843875999928e+09
1.611842843875999928e+09
1.611842843878999949e+09
1.611842843882999897e+09
1.611842843882999897e+09
1.611842843884000063e+09
1.611842843884999990e+09
1.611842843884999990e+09
1.611842843890000105e+09
1.611842843890000105e+09
1.611842843891000032e+09
1.611842843891999960e+09
1.611842843891999960e+09
1.611842843892999887e+09
1.611842843894000053e+09
1.611842843894000053e+09
1.611842843894999981e+09
1.611842843895999908e+09
1.611842843898000002e+09
1.611842843898000002e+09
1.611842843898999929e+09
1.611842843900000095e+09
1.611842843900000095e+09
1.611842843901000023e+09
1.611842843901999950e+09
1.611842843904000044e+09
1.611842843904000044e+09
1.611842843904999971e+09
1.611842843904999971e+09
1.611842843905999899e+09
1.611842843908999920e+09
1.611842843908999920e+09
1.611842843910000086e+09
1.611842843911999941e+09
1.611842843911999941e+09
1.611842843914999962e+09
1.611842843914999962e+09
1.611842843915999889e+09
1.611842843917000055e+09
1.611842843917000055e+09
1.611842843920000076e+09
1.611842843920000076e+09
1.611842843921000004e+09
1.611842843921999931e+09
1.611842843921999931e+09
1.611842843924999952e+09
1.611842843924999952e+09
1.611842843926000118e+09
1.611842843927000046e+09
1.611842843928999901e+09
1.611842843928999901e+09
1.611842843930000067e+09
1.611842843930999994e+09
1.611842843934999943e+09
1.611842843934999943e+09
1.611842843936000109e+09
1.611842843937000036e+09
1.611842843937000036e+09
1.611842843940000057e+09
1.611842843940000057e+09
1.611842843943000078e+09
1.611842843943000078e+09
1.611842843944000006e+09
1.611842843947000027e+09
1.611842843947000027e+09
1.611842843947999954e+09
1.611842843948999882e+09
1.611842843950999975e+09
1.611842843951999903e+09
1.611842843953999996e+09
1.611842843953999996e+09
1.611842843954999924e+09
1.611842843954999924e+09
1.611842843956000090e+09
1.611842843957000017e+09
1.611842843957000017e+09
1.611842843960000038e+09
1.611842843960000038e+09
1.611842843960999966e+09
1.611842843961999893e+09
1.611842843961999893e+09
1.611842843964999914e+09
1.611842843964999914e+09
1.611842843966000080e+09
1.611842843967000008e+09
1.611842843969000101e+09
1.611842843969000101e+09
1.611842843971999884e+09
1.611842843971999884e+09
1.611842843974999905e+09
1.611842843974999905e+09
1.611842843976000071e+09
1.611842843976999998e+09
1.611842843976999998e+09
1.611842843980000019e+09
1.611842843980000019e+09
1.611842843980999947e+09
1.611842843982000113e+09
1.611842843983999968e+09
1.611842843983999968e+09
1.611842843987999916e+09
1.611842843987999916e+09
1.611842843990999937e+09
1.611842843990999937e+09
1.611842843992000103e+09
1.611842843993000031e+09
1.611842843993000031e+09
1.611842843993999958e+09
1.611842843993999958e+09
1.611842843996999979e+09
1.611842843996999979e+09
1.611842843997999907e+09
1.611842843999000072e+09
1.611842844000999928e+09
1.611842844003000021e+09
1.611842844003000021e+09
1.611842844003999949e+09
1.611842844005000114e+09
1.611842844005000114e+09
1.611842844006000042e+09
1.611842844007999897e+09
1.611842844007999897e+09
1.611842844009000063e+09
1.611842844009999990e+09
1.611842844012000084e+09
1.611842844012000084e+09
1.611842844013000011e+09
1.611842844016000032e+09
1.611842844016000032e+09
1.611842844016999960e+09
1.611842844017999887e+09
1.611842844019999981e+09
1.611842844019999981e+09
1.611842844020999908e+09
1.611842844022000074e+09
1.611842844023999929e+09
1.611842844026000023e+09
1.611842844026999950e+09
1.611842844029000044e+09
1.611842844029000044e+09
1.611842844032000065e+09
1.611842844032000065e+09
1.611842844032999992e+09
1.611842844036000013e+09
1.611842844036000013e+09
1.611842844036999941e+09
1.611842844038000107e+09
1.611842844038000107e+09
1.611842844039000034e+09
1.611842844042999983e+09
1.611842844042999983e+09
1.611842844043999910e+09
1.611842844045000076e+09
1.611842844045000076e+09
1.611842844046000004e+09
1.611842844049000025e+09
1.611842844049000025e+09
1.611842844049999952e+09
1.611842844051000118e+09
1.611842844051000118e+09
1.611842844053999901e+09
1.611842844053999901e+09
1.611842844055000067e+09
1.611842844055999994e+09
1.611842844055999994e+09
1.611842844059000015e+09
1.611842844059000015e+09
1.611842844059999943e+09
1.611842844062000036e+09
1.611842844062000036e+09
1.611842844065000057e+09
1.611842844065000057e+09
1.611842844065999985e+09
1.611842844066999912e+09
1.611842844066999912e+09
1.611842844069999933e+09
1.611842844069999933e+09
1.611842844071000099e+09
1.611842844072000027e+09
1.611842844073999882e+09
1.611842844073999882e+09
1.611842844075000048e+09
1.611842844075999975e+09
1.611842844078000069e+09
1.611842844078000069e+09
1.611842844078999996e+09
1.611842844079999924e+09
1.611842844082000017e+09
1.611842844082000017e+09
1.611842844084000111e+09
1.611842844085000038e+09
1.611842844086999893e+09
1.611842844086999893e+09
1.611842844088000059e+09
1.611842844088999987e+09
1.611842844092999935e+09
1.611842844092999935e+09
1.611842844094000101e+09
1.611842844095999956e+09
1.611842844096999884e+09
1.611842844098999977e+09
1.611842844098999977e+09
1.611842844099999905e+09
1.611842844101999998e+09
1.611842844102999926e+09
1.611842844102999926e+09
1.611842844105999947e+09
1.611842844105999947e+09
1.611842844107000113e+09
1.611842844108000040e+09
1.611842844108000040e+09
1.611842844108999968e+09
1.611842844111000061e+09
1.611842844111000061e+09
1.611842844111999989e+09
1.611842844112999916e+09
1.611842844112999916e+09
1.611842844115999937e+09
1.611842844115999937e+09
1.611842844117000103e+09
1.611842844118000031e+09
1.611842844121999979e+09
1.611842844121999979e+09
1.611842844122999907e+09
1.611842844124000072e+09
1.611842844124000072e+09
1.611842844127000093e+09
1.611842844127000093e+09
1.611842844128000021e+09
1.611842844128999949e+09
1.611842844128999949e+09
1.611842844131999969e+09
1.611842844131999969e+09
1.611842844132999897e+09
1.611842844134000063e+09
1.611842844135999918e+09
1.611842844135999918e+09
1.611842844137000084e+09
1.611842844138000011e+09
1.611842844140000105e+09
1.611842844140000105e+09
1.611842844141000032e+09
1.611842844141999960e+09
1.611842844144999981e+09
1.611842844144999981e+09
1.611842844145999908e+09
1.611842844147000074e+09
1.611842844153000116e+09
1.611842844153000116e+09
1.611842844154000044e+09
1.611842844154999971e+09
1.611842844154999971e+09
1.611842844155999899e+09
1.611842844157000065e+09
1.611842844158999920e+09
1.611842844158999920e+09
1.611842844160000086e+09
1.611842844161000013e+09
1.611842844161000013e+09
1.611842844161999941e+09
1.611842844164999962e+09
1.611842844164999962e+09
1.611842844165999889e+09
1.611842844167000055e+09
1.611842844167000055e+09
1.611842844170000076e+09
1.611842844170000076e+09
1.611842844171000004e+09
1.611842844171999931e+09
1.611842844171999931e+09
1.611842844174999952e+09
1.611842844174999952e+09
1.611842844177999973e+09
1.611842844178999901e+09
1.611842844180999994e+09
1.611842844183000088e+09
1.611842844184000015e+09
1.611842844186000109e+09
1.611842844187000036e+09
1.611842844187999964e+09
1.611842844190000057e+09
1.611842844190999985e+09
1.611842844190999985e+09
1.611842844191999912e+09
1.611842844193000078e+09
1.611842844193000078e+09
1.611842844194000006e+09
1.611842844194999933e+09
1.611842844197000027e+09
1.611842844197999954e+09
1.611842844197999954e+09
1.611842844198999882e+09
1.611842844200000048e+09
1.611842844200000048e+09
1.611842844203000069e+09
1.611842844204999924e+09
1.611842844206000090e+09
1.611842844206000090e+09
1.611842844207000017e+09
1.611842844210000038e+09
1.611842844210999966e+09
1.611842844210999966e+09
1.611842844211999893e+09
1.611842844211999893e+09
1.611842844214999914e+09
1.611842844217999935e+09
1.611842844217999935e+09
1.611842844219000101e+09
1.611842844220000029e+09
1.611842844220000029e+09
1.611842844220999956e+09
1.611842844221999884e+09
1.611842844223999977e+09
1.611842844224999905e+09
1.611842844224999905e+09
1.611842844226000071e+09
1.611842844226999998e+09
1.611842844226999998e+09
1.611842844227999926e+09
1.611842844230000019e+09
1.611842844230999947e+09
1.611842844230999947e+09
1.611842844232000113e+09
1.611842844233000040e+09
1.611842844234999895e+09
1.611842844234999895e+09
1.611842844236000061e+09
1.611842844236999989e+09
1.611842844239000082e+09
1.611842844239000082e+09
1.611842844240000010e+09
1.611842844240999937e+09
1.611842844244999886e+09
1.611842844246000051e+09
1.611842844246000051e+09
1.611842844246999979e+09
1.611842844247999907e+09
1.611842844250000000e+09
1.611842844250999928e+09
1.611842844250999928e+09
1.611842844253000021e+09
1.611842844253999949e+09
1.611842844256999969e+09
1.611842844257999897e+09
1.611842844257999897e+09
1.611842844260999918e+09
1.611842844262000084e+09
1.611842844262000084e+09
1.611842844265000105e+09
1.611842844265000105e+09
1.611842844266000032e+09
1.611842844266999960e+09
1.611842844266999960e+09
1.611842844267999887e+09
1.611842844269000053e+09
1.611842844272000074e+09
1.611842844272000074e+09
1.611842844273000002e+09
1.611842844276000023e+09
1.611842844276999950e+09
1.611842844276999950e+09
1.611842844279999971e+09
1.611842844279999971e+09
1.611842844280999899e+09
1.611842844282000065e+09
1.611842844282000065e+09
1.611842844282999992e+09
1.611842844283999920e+09
1.611842844283999920e+09
1.611842844289000034e+09
1.611842844289000034e+09
1.611842844289999962e+09
1.611842844290999889e+09
1.611842844290999889e+09
1.611842844292000055e+09
1.611842844292999983e+09
1.611842844292999983e+09
1.611842844296000004e+09
1.611842844296000004e+09
1.611842844296999931e+09
1.611842844298000097e+09
1.611842844298000097e+09
1.611842844299000025e+09
1.611842844302000046e+09
1.611842844302000046e+09
1.611842844302999973e+09
1.611842844303999901e+09
1.611842844306999922e+09
1.611842844309000015e+09
1.611842844309000015e+09
1.611842844309999943e+09
1.611842844311000109e+09
1.611842844311000109e+09
1.611842844312000036e+09
1.611842844312999964e+09
1.611842844316999912e+09
1.611842844316999912e+09
1.611842844318000078e+09
1.611842844319000006e+09
1.611842844319999933e+09
1.611842844321000099e+09
1.611842844321000099e+09
1.611842844323999882e+09
1.611842844323999882e+09
1.611842844325000048e+09
1.611842844325999975e+09
1.611842844326999903e+09
1.611842844328000069e+09
1.611842844332000017e+09
1.611842844332000017e+09
1.611842844332999945e+09
1.611842844334000111e+09
1.611842844334000111e+09
1.611842844335000038e+09
1.611842844335999966e+09
1.611842844338000059e+09
1.611842844339999914e+09
1.611842844339999914e+09
1.611842844341000080e+09
1.611842844342000008e+09
1.611842844342999935e+09
1.611842844342999935e+09
1.611842844344000101e+09
1.611842844346999884e+09
1.611842844346999884e+09
1.611842844348000050e+09
1.611842844348999977e+09
1.611842844349999905e+09
1.611842844351999998e+09
1.611842844351999998e+09
1.611842844352999926e+09
1.611842844354000092e+09
1.611842844355000019e+09
1.611842844355999947e+09
1.611842844358999968e+09
1.611842844359999895e+09
1.611842844359999895e+09
1.611842844361000061e+09
1.611842844361999989e+09
1.611842844362999916e+09
1.611842844365000010e+09
1.611842844365000010e+09
1.611842844365999937e+09
1.611842844368999958e+09
1.611842844371000051e+09
1.611842844374000072e+09
1.611842844374000072e+09
1.611842844375000000e+09
1.611842844375999928e+09
1.611842844375999928e+09
1.611842844377000093e+09
1.611842844378000021e+09
1.611842844378000021e+09
1.611842844381000042e+09
1.611842844381000042e+09
1.611842844381999969e+09
1.611842844382999897e+09
1.611842844382999897e+09
1.611842844384000063e+09
1.611842844385999918e+09
1.611842844388999939e+09
1.611842844390000105e+09
1.611842844390000105e+09
1.611842844391000032e+09
1.611842844391999960e+09
1.611842844392999887e+09
1.611842844392999887e+09
1.611842844395999908e+09
1.611842844397000074e+09
1.611842844397000074e+09
1.611842844398000002e+09
1.611842844400000095e+09
1.611842844400000095e+09
1.611842844403000116e+09
1.611842844403000116e+09
1.611842844404000044e+09
1.611842844404999971e+09
1.611842844407000065e+09
1.611842844407999992e+09
1.611842844411000013e+09
1.611842844411000013e+09
1.611842844411999941e+09
1.611842844413000107e+09
1.611842844413000107e+09
1.611842844414000034e+09
1.611842844414999962e+09
1.611842844417000055e+09
1.611842844417000055e+09
1.611842844417999983e+09
1.611842844418999910e+09
1.611842844418999910e+09
1.611842844420000076e+09
1.611842844423000097e+09
1.611842844423000097e+09
1.611842844426000118e+09
1.611842844427000046e+09
1.611842844427000046e+09
1.611842844430000067e+09
1.611842844430000067e+09
1.611842844433000088e+09
1.611842844433000088e+09
1.611842844434000015e+09
1.611842844434999943e+09
1.611842844437000036e+09
1.611842844437000036e+09
1.611842844437999964e+09
1.611842844438999891e+09
1.611842844438999891e+09
1.611842844440000057e+09
1.611842844440999985e+09
1.611842844443000078e+09
1.611842844444000006e+09
1.611842844444000006e+09
1.611842844444999933e+09
1.611842844446000099e+09
1.611842844447000027e+09
1.611842844448999882e+09
1.611842844450000048e+09
1.611842844450000048e+09
1.611842844450999975e+09
1.611842844451999903e+09
1.611842844453999996e+09
1.611842844454999924e+09
1.611842844454999924e+09
1.611842844456000090e+09
1.611842844459000111e+09
1.611842844460000038e+09
1.611842844460000038e+09
1.611842844463000059e+09
1.611842844466000080e+09
1.611842844467000008e+09
1.611842844467000008e+09
1.611842844467999935e+09
1.611842844469000101e+09
1.611842844469000101e+09
1.611842844470000029e+09
1.611842844473000050e+09
1.611842844473999977e+09
1.611842844474999905e+09
1.611842844474999905e+09
1.611842844476000071e+09
1.611842844476999998e+09
1.611842844479000092e+09
1.611842844480000019e+09
1.611842844482000113e+09
1.611842844483000040e+09
1.611842844484999895e+09
1.611842844486000061e+09
1.611842844489000082e+09
1.611842844490999937e+09
1.611842844492000103e+09
1.611842844493000031e+09
1.611842844493000031e+09
1.611842844493999958e+09
1.611842844494999886e+09
1.611842844496999979e+09
1.611842844500000000e+09
1.611842844500999928e+09
1.611842844500999928e+09
1.611842844502000093e+09
1.611842844503000021e+09
1.611842844503000021e+09
1.611842844503999949e+09
1.611842844505000114e+09
1.611842844505000114e+09
1.611842844506000042e+09
1.611842844509000063e+09
1.611842844509999990e+09
1.611842844509999990e+09
1.611842844510999918e+09
1.611842844512000084e+09
1.611842844512000084e+09
1.611842844513000011e+09
1.611842844513999939e+09
1.611842844513999939e+09
1.611842844516999960e+09
1.611842844517999887e+09
1.611842844517999887e+09
1.611842844519000053e+09
1.611842844519999981e+09
1.611842844519999981e+09
1.611842844520999908e+09
1.611842844523000002e+09
1.611842844523999929e+09
1.611842844523999929e+09
1.611842844525000095e+09
1.611842844526999950e+09
1.611842844528000116e+09
1.611842844529999971e+09
1.611842844530999899e+09
1.611842844530999899e+09
1.611842844532000065e+09
1.611842844532999992e+09
1.611842844532999992e+09
1.611842844538000107e+09
1.611842844539000034e+09
1.611842844539000034e+09
1.611842844539999962e+09
1.611842844540999889e+09
1.611842844542000055e+09
1.611842844542999983e+09
1.611842844545000076e+09
1.611842844545000076e+09
1.611842844546000004e+09
1.611842844546999931e+09
1.611842844548000097e+09
1.611842844548000097e+09
1.611842844551000118e+09
1.611842844552000046e+09
1.611842844552000046e+09
1.611842844552999973e+09
1.611842844553999901e+09
1.611842844555999994e+09
1.611842844556999922e+09
1.611842844559000015e+09
1.611842844559999943e+09
1.611842844559999943e+09
1.611842844565000057e+09
1.611842844565999985e+09
1.611842844565999985e+09
1.611842844566999912e+09
1.611842844568000078e+09
1.611842844568000078e+09
1.611842844569000006e+09
1.611842844569999933e+09
1.611842844572000027e+09
1.611842844572999954e+09
1.611842844572999954e+09
1.611842844573999882e+09
1.611842844575000048e+09
1.611842844575000048e+09
1.611842844575999975e+09
1.611842844578999996e+09
1.611842844579999924e+09
1.611842844579999924e+09
1.611842844581000090e+09
1.611842844582000017e+09
1.611842844584000111e+09
1.611842844585000038e+09
1.611842844585000038e+09
1.611842844585999966e+09
1.611842844586999893e+09
1.611842844592999935e+09
1.611842844595000029e+09
1.611842844595999956e+09
1.611842844596999884e+09
1.611842844596999884e+09
1.611842844598000050e+09
1.611842844598999977e+09
1.611842844598999977e+09
1.611842844601999998e+09
1.611842844601999998e+09
1.611842844602999926e+09
1.611842844604000092e+09
1.611842844604000092e+09
1.611842844605000019e+09
1.611842844605999947e+09
1.611842844605999947e+09
1.611842844607000113e+09
1.611842844609999895e+09
1.611842844609999895e+09
1.611842844611000061e+09
1.611842844611999989e+09
1.611842844611999989e+09
1.611842844612999916e+09
1.611842844615999937e+09
1.611842844615999937e+09
1.611842844617000103e+09
1.611842844618000031e+09
1.611842844618000031e+09
1.611842844618999958e+09
1.611842844622999907e+09
1.611842844622999907e+09
1.611842844624000072e+09
1.611842844625000000e+09
1.611842844625000000e+09
1.611842844625999928e+09
1.611842844628999949e+09
1.611842844630000114e+09
1.611842844630000114e+09
1.611842844631000042e+09
1.611842844631999969e+09
1.611842844634000063e+09
1.611842844634000063e+09
1.611842844634999990e+09
1.611842844635999918e+09
1.611842844638000011e+09
1.611842844641000032e+09
1.611842844641000032e+09
1.611842844641999960e+09
1.611842844644000053e+09
1.611842844644999981e+09
1.611842844644999981e+09
1.611842844645999908e+09
1.611842844648999929e+09
1.611842844648999929e+09
1.611842844650000095e+09
1.611842844651000023e+09
1.611842844653000116e+09
1.611842844653000116e+09
1.611842844654000044e+09
1.611842844657000065e+09
1.611842844657000065e+09
1.611842844657999992e+09
1.611842844658999920e+09
1.611842844658999920e+09
1.611842844660000086e+09
1.611842844661000013e+09
1.611842844664000034e+09
1.611842844664000034e+09
1.611842844664999962e+09
1.611842844665999889e+09
1.611842844665999889e+09
1.611842844667000055e+09
1.611842844670000076e+09
1.611842844670000076e+09
1.611842844671000004e+09
1.611842844671999931e+09
1.611842844671999931e+09
1.611842844674999952e+09
1.611842844674999952e+09
1.611842844676000118e+09
1.611842844677000046e+09
1.611842844677999973e+09
1.611842844680000067e+09
1.611842844680000067e+09
1.611842844680999994e+09
1.611842844684000015e+09
1.611842844684000015e+09
1.611842844687000036e+09
1.611842844687000036e+09
1.611842844687999964e+09
1.611842844688999891e+09
1.611842844688999891e+09
1.611842844690000057e+09
1.611842844693000078e+09
1.611842844693000078e+09
1.611842844694999933e+09
1.611842844696000099e+09
1.611842844697000027e+09
1.611842844700999975e+09
1.611842844700999975e+09
1.611842844701999903e+09
1.611842844703000069e+09
1.611842844703000069e+09
1.611842844703999996e+09
1.611842844704999924e+09
1.611842844704999924e+09
1.611842844707999945e+09
1.611842844707999945e+09
1.611842844709000111e+09
1.611842844710000038e+09
1.611842844710999966e+09
1.611842844710999966e+09
1.611842844717999935e+09
1.611842844717999935e+09
1.611842844719000101e+09
1.611842844720000029e+09
1.611842844720000029e+09
1.611842844720999956e+09
1.611842844721999884e+09
1.611842844721999884e+09
1.611842844723000050e+09
1.611842844726000071e+09
1.611842844726000071e+09
1.611842844726999998e+09
1.611842844727999926e+09
1.611842844727999926e+09
1.611842844729000092e+09
1.611842844730000019e+09
1.611842844732000113e+09
1.611842844732000113e+09
1.611842844733000040e+09
1.611842844733999968e+09
1.611842844734999895e+09
1.611842844734999895e+09
1.611842844737999916e+09
1.611842844737999916e+09
1.611842844739000082e+09
1.611842844740000010e+09
1.611842844740000010e+09
1.611842844743000031e+09
1.611842844743000031e+09
1.611842844746000051e+09
1.611842844746000051e+09
1.611842844746999979e+09
1.611842844750000000e+09
1.611842844750000000e+09
1.611842844750999928e+09
1.611842844753999949e+09
1.611842844755000114e+09
1.611842844756999969e+09
1.611842844756999969e+09
1.611842844757999897e+09
1.611842844759000063e+09
1.611842844759000063e+09
1.611842844759999990e+09
1.611842844760999918e+09
1.611842844763000011e+09
1.611842844763000011e+09
1.611842844763999939e+09
1.611842844765000105e+09
1.611842844766000032e+09
1.611842844766000032e+09
1.611842844769000053e+09
1.611842844769000053e+09
1.611842844769999981e+09
1.611842844770999908e+09
1.611842844770999908e+09
1.611842844773999929e+09
1.611842844776000023e+09
1.611842844776999950e+09
1.611842844776999950e+09
1.611842844779999971e+09
1.611842844779999971e+09
1.611842844780999899e+09
1.611842844782000065e+09
1.611842844782999992e+09
1.611842844783999920e+09
1.611842844786000013e+09
1.611842844786000013e+09
1.611842844786999941e+09
1.611842844789000034e+09
1.611842844789999962e+09
1.611842844792999983e+09
1.611842844792999983e+09
1.611842844793999910e+09
1.611842844796000004e+09
1.611842844796999931e+09
1.611842844798000097e+09
1.611842844799999952e+09
1.611842844799999952e+09
1.611842844801000118e+09
1.611842844802000046e+09
1.611842844802000046e+09
1.611842844802999973e+09
1.611842844803999901e+09
1.611842844808000088e+09
1.611842844808000088e+09
1.611842844811000109e+09
1.611842844812000036e+09
1.611842844812000036e+09
1.611842844812999964e+09
1.611842844813999891e+09
1.611842844816999912e+09
1.611842844816999912e+09
1.611842844818000078e+09
1.611842844819000006e+09
1.611842844819000006e+09
1.611842844819999933e+09
1.611842844821000099e+09
1.611842844822000027e+09
1.611842844823999882e+09
1.611842844823999882e+09
1.611842844825000048e+09
1.611842844825999975e+09
1.611842844825999975e+09
1.611842844826999903e+09
1.611842844829999924e+09
1.611842844829999924e+09
1.611842844831000090e+09
1.611842844832000017e+09
1.611842844832000017e+09
1.611842844835000038e+09
1.611842844836999893e+09
1.611842844836999893e+09
1.611842844838000059e+09
1.611842844838999987e+09
1.611842844841000080e+09
1.611842844841000080e+09
1.611842844842000008e+09
1.611842844842999935e+09
1.611842844842999935e+09
1.611842844844000101e+09
1.611842844846999884e+09
1.611842844846999884e+09
1.611842844848000050e+09
1.611842844848999977e+09
1.611842844848999977e+09
1.611842844851999998e+09
1.611842844851999998e+09
1.611842844852999926e+09
1.611842844854000092e+09
1.611842844855000019e+09
1.611842844857000113e+09
1.611842844858000040e+09
1.611842844858000040e+09
1.611842844858999968e+09
1.611842844861000061e+09
1.611842844861000061e+09
1.611842844865999937e+09
1.611842844867000103e+09
1.611842844871000051e+09
1.611842844871000051e+09
1.611842844871999979e+09
1.611842844872999907e+09
1.611842844872999907e+09
1.611842844874000072e+09
1.611842844875000000e+09
1.611842844875000000e+09
1.611842844878000021e+09
1.611842844878000021e+09
1.611842844878999949e+09
1.611842844880000114e+09
1.611842844880000114e+09
1.611842844881000042e+09
1.611842844881999969e+09
1.611842844884000063e+09
1.611842844884999990e+09
1.611842844885999918e+09
1.611842844885999918e+09
1.611842844887000084e+09
1.611842844890000105e+09
1.611842844891000032e+09
1.611842844891999960e+09
1.611842844892999887e+09
1.611842844894000053e+09
1.611842844895999908e+09
1.611842844898000002e+09
1.611842844898999929e+09
1.611842844900000095e+09
1.611842844903000116e+09
1.611842844904000044e+09
1.611842844905999899e+09
1.611842844905999899e+09
1.611842844907000065e+09
1.611842844907999992e+09
1.611842844907999992e+09
1.611842844908999920e+09
1.611842844910000086e+09
1.611842844911000013e+09
1.611842844911000013e+09
1.611842844914000034e+09
1.611842844914000034e+09
1.611842844914999962e+09
1.611842844915999889e+09
1.611842844917000055e+09
1.611842844917000055e+09
1.611842844917999983e+09
1.611842844920000076e+09
1.611842844921999931e+09
1.611842844923000097e+09
1.611842844923000097e+09
1.611842844924000025e+09
1.611842844924999952e+09
1.611842844927999973e+09
1.611842844927999973e+09
1.611842844928999901e+09
1.611842844930000067e+09
1.611842844930000067e+09
1.611842844930999994e+09
1.611842844934000015e+09
1.611842844936000109e+09
1.611842844936000109e+09
1.611842844937000036e+09
1.611842844937999964e+09
1.611842844937999964e+09
1.611842844940999985e+09
1.611842844941999912e+09
1.611842844944999933e+09
1.611842844944999933e+09
1.611842844946000099e+09
1.611842844947000027e+09
1.611842844947000027e+09
1.611842844947999954e+09
1.611842844948999882e+09
1.611842844950000048e+09
1.611842844951999903e+09
1.611842844951999903e+09
1.611842844953000069e+09
1.611842844953999996e+09
1.611842844953999996e+09
1.611842844954999924e+09
1.611842844956000090e+09
1.611842844957999945e+09
1.611842844957999945e+09
1.611842844959000111e+09
1.611842844960000038e+09
1.611842844960000038e+09
1.611842844964999914e+09
1.611842844966000080e+09
1.611842844966000080e+09
1.611842844967000008e+09
1.611842844967999935e+09
1.611842844967999935e+09
1.611842844970999956e+09
1.611842844971999884e+09
1.611842844971999884e+09
1.611842844973000050e+09
1.611842844973999977e+09
1.611842844976000071e+09
1.611842844979000092e+09
1.611842844980000019e+09
1.611842844980000019e+09
1.611842844980999947e+09
1.611842844982000113e+09
1.611842844982000113e+09
1.611842844983000040e+09
1.611842844984999895e+09
1.611842844986000061e+09
1.611842844986000061e+09
1.611842844986999989e+09
1.611842844987999916e+09
1.611842844989000082e+09
1.611842844992000103e+09
1.611842844993999958e+09
1.611842844994999886e+09
1.611842844994999886e+09
1.611842844996000051e+09
1.611842845000000000e+09
1.611842845000999928e+09
1.611842845000999928e+09
1.611842845002000093e+09
1.611842845003000021e+09
1.611842845003000021e+09
1.611842845003999949e+09
1.611842845005000114e+09
1.611842845006999969e+09
1.611842845007999897e+09
1.611842845007999897e+09
1.611842845009000063e+09
1.611842845009999990e+09
1.611842845009999990e+09
1.611842845013000011e+09
1.611842845013999939e+09
1.611842845013999939e+09
1.611842845015000105e+09
1.611842845016999960e+09
1.611842845019999981e+09
1.611842845020999908e+09
1.611842845022000074e+09
1.611842845022000074e+09
1.611842845023000002e+09
1.611842845023999929e+09
1.611842845026000023e+09
1.611842845029000044e+09
1.611842845029999971e+09
1.611842845030999899e+09
1.611842845030999899e+09
1.611842845033999920e+09
1.611842845035000086e+09
1.611842845035000086e+09
1.611842845036000013e+09
1.611842845039000034e+09
1.611842845039999962e+09
1.611842845039999962e+09
1.611842845040999889e+09
1.611842845042000055e+09
1.611842845042000055e+09
1.611842845042999983e+09
1.611842845043999910e+09
1.611842845043999910e+09
1.611842845046999931e+09
1.611842845048000097e+09
1.611842845048000097e+09
1.611842845049000025e+09
1.611842845049999952e+09
1.611842845049999952e+09
1.611842845051000118e+09
1.611842845053999901e+09
1.611842845055000067e+09
1.611842845055000067e+09
1.611842845058000088e+09
1.611842845059000015e+09
1.611842845059000015e+09
1.611842845062000036e+09
1.611842845062999964e+09
1.611842845062999964e+09
1.611842845063999891e+09
1.611842845065000057e+09
1.611842845065000057e+09
1.611842845065999985e+09
1.611842845065999985e+09
1.611842845069000006e+09
1.611842845069999933e+09
1.611842845069999933e+09
1.611842845071000099e+09
1.611842845072000027e+09
1.611842845072000027e+09
1.611842845075000048e+09
1.611842845075999975e+09
1.611842845075999975e+09
1.611842845076999903e+09
1.611842845078000069e+09
1.611842845079999924e+09
1.611842845081000090e+09
1.611842845081000090e+09
1.611842845082000017e+09
1.611842845082999945e+09
1.611842845085000038e+09
1.611842845085999966e+09
1.611842845089999914e+09
1.611842845091000080e+09
1.611842845092999935e+09
1.611842845094000101e+09
1.611842845094000101e+09
1.611842845095999956e+09
1.611842845096999884e+09
1.611842845098000050e+09
1.611842845098000050e+09
1.611842845101999998e+09
1.611842845104000092e+09
1.611842845105000019e+09
1.611842845105000019e+09
1.611842845105999947e+09
1.611842845107000113e+09
1.611842845107000113e+09
1.611842845108000040e+09
1.611842845108999968e+09
1.611842845109999895e+09
1.611842845109999895e+09
1.611842845112999916e+09
1.611842845114000082e+09
1.611842845114000082e+09
1.611842845115000010e+09
1.611842845115999937e+09
1.611842845115999937e+09
1.611842845117000103e+09
1.611842845119999886e+09
1.611842845121999979e+09
1.611842845122999907e+09
1.611842845122999907e+09
1.611842845124000072e+09
1.611842845125000000e+09
1.611842845125999928e+09
1.611842845128999949e+09
1.611842845130000114e+09
1.611842845131000042e+09
1.611842845131999969e+09
1.611842845132999897e+09
1.611842845134000063e+09
1.611842845134999990e+09
1.611842845134999990e+09
1.611842845138000011e+09
1.611842845138999939e+09
1.611842845138999939e+09
1.611842845140000105e+09
1.611842845141000032e+09
1.611842845141999960e+09
1.611842845142999887e+09
1.611842845145999908e+09
1.611842845148999929e+09
1.611842845150000095e+09
1.611842845150000095e+09
1.611842845151000023e+09
1.611842845151999950e+09
1.611842845153000116e+09
1.611842845154000044e+09
1.611842845154000044e+09
1.611842845157000065e+09
1.611842845157999992e+09
1.611842845161000013e+09
1.611842845161000013e+09
1.611842845161999941e+09
1.611842845163000107e+09
1.611842845164000034e+09
1.611842845164999962e+09
1.611842845165999889e+09
1.611842845167000055e+09
1.611842845167999983e+09
1.611842845168999910e+09
1.611842845171000004e+09
1.611842845171000004e+09
1.611842845173000097e+09
1.611842845174000025e+09
1.611842845174000025e+09
1.611842845174999952e+09
1.611842845177999973e+09
1.611842845178999901e+09
1.611842845180000067e+09
1.611842845180999994e+09
1.611842845184000015e+09
1.611842845184000015e+09
1.611842845184999943e+09
1.611842845186000109e+09
1.611842845187000036e+09
1.611842845187999964e+09
1.611842845188999891e+09
1.611842845188999891e+09
1.611842845190000057e+09
1.611842845193000078e+09
1.611842845194000006e+09
1.611842845196000099e+09
1.611842845197000027e+09
1.611842845197000027e+09
1.611842845197999954e+09
1.611842845198999882e+09
1.611842845200000048e+09
1.611842845200999975e+09
1.611842845200999975e+09
1.611842845201999903e+09
1.611842845203000069e+09
1.611842845207000017e+09
1.611842845210000038e+09
1.611842845210999966e+09
1.611842845210999966e+09
1.611842845211999893e+09
1.611842845213000059e+09
1.611842845213999987e+09
1.611842845213999987e+09
1.611842845214999914e+09
1.611842845216000080e+09
1.611842845217000008e+09
1.611842845217999935e+09
1.611842845217999935e+09
1.611842845219000101e+09
1.611842845221999884e+09
1.611842845223000050e+09
1.611842845223000050e+09
1.611842845223999977e+09
1.611842845224999905e+09
1.611842845226000071e+09
1.611842845226999998e+09
1.611842845229000092e+09
1.611842845230000019e+09
1.611842845230000019e+09
1.611842845233000040e+09
1.611842845233000040e+09
1.611842845233999968e+09
1.611842845234999895e+09
1.611842845236000061e+09
1.611842845236999989e+09
1.611842845237999916e+09
1.611842845237999916e+09
1.611842845240000010e+09
1.611842845240000010e+09
1.611842845240999937e+09
1.611842845243999958e+09
1.611842845244999886e+09
1.611842845244999886e+09
1.611842845246000051e+09
1.611842845246999979e+09
1.611842845247999907e+09
1.611842845247999907e+09
1.611842845249000072e+09
1.611842845250000000e+09
1.611842845253000021e+09
1.611842845253000021e+09
1.611842845253999949e+09
1.611842845255000114e+09
1.611842845256999969e+09
1.611842845257999897e+09
1.611842845257999897e+09
1.611842845259000063e+09
1.611842845262000084e+09
1.611842845263999939e+09
1.611842845263999939e+09
1.611842845266999960e+09
1.611842845267999887e+09
1.611842845267999887e+09
1.611842845269000053e+09
1.611842845269999981e+09
1.611842845272000074e+09
1.611842845272000074e+09
1.611842845273000002e+09
1.611842845273999929e+09
1.611842845273999929e+09
1.611842845275000095e+09
1.611842845276000023e+09
1.611842845276999950e+09
1.611842845278000116e+09
1.611842845279000044e+09
1.611842845282000065e+09
1.611842845282000065e+09
1.611842845282999992e+09
1.611842845283999920e+09
1.611842845283999920e+09
1.611842845285000086e+09
1.611842845286000013e+09
1.611842845286999941e+09
1.611842845289000034e+09
1.611842845289000034e+09
1.611842845289999962e+09
1.611842845290999889e+09
1.611842845292000055e+09
1.611842845292999983e+09
1.611842845292999983e+09
1.611842845298000097e+09
1.611842845298000097e+09
1.611842845299000025e+09
1.611842845299999952e+09
1.611842845301000118e+09
1.611842845301000118e+09
1.611842845302000046e+09
1.611842845302999973e+09
1.611842845305000067e+09
1.611842845306999922e+09
1.611842845308000088e+09
1.611842845309000015e+09
1.611842845309999943e+09
1.611842845309999943e+09
1.611842845311000109e+09
1.611842845313999891e+09
1.611842845313999891e+09
1.611842845315000057e+09
1.611842845315999985e+09
1.611842845315999985e+09
1.611842845316999912e+09
1.611842845318000078e+09
1.611842845319999933e+09
1.611842845322000027e+09
1.611842845322999954e+09
1.611842845322999954e+09
1.611842845323999882e+09
1.611842845325000048e+09
1.611842845328999996e+09
1.611842845328999996e+09
1.611842845329999924e+09
1.611842845331000090e+09
1.611842845331000090e+09
1.611842845332000017e+09
1.611842845332999945e+09
1.611842845335000038e+09
1.611842845338000059e+09
1.611842845338000059e+09
1.611842845338999987e+09
1.611842845339999914e+09
1.611842845339999914e+09
1.611842845341000080e+09
1.611842845342000008e+09
1.611842845342999935e+09
1.611842845345000029e+09
1.611842845345000029e+09
1.611842845345999956e+09
1.611842845346999884e+09
1.611842845346999884e+09
1.611842845348000050e+09
1.611842845351000071e+09
1.611842845351000071e+09
1.611842845351999998e+09
1.611842845352999926e+09
1.611842845352999926e+09
1.611842845355999947e+09
1.611842845358000040e+09
1.611842845358000040e+09
1.611842845358999968e+09
1.611842845359999895e+09
1.611842845362999916e+09
1.611842845362999916e+09
1.611842845364000082e+09
1.611842845365000010e+09
1.611842845365000010e+09
1.611842845365999937e+09
1.611842845368999958e+09
1.611842845368999958e+09
1.611842845369999886e+09
1.611842845371000051e+09
1.611842845371000051e+09
1.611842845371999979e+09
1.611842845375000000e+09
1.611842845377000093e+09
1.611842845378000021e+09
1.611842845378000021e+09
1.611842845378999949e+09
1.611842845381000042e+09
1.611842845381000042e+09
1.611842845381999969e+09
1.611842845382999897e+09
1.611842845382999897e+09
1.611842845384000063e+09
1.611842845387000084e+09
1.611842845388999939e+09
1.611842845388999939e+09
1.611842845390000105e+09
1.611842845391000032e+09
1.611842845392999887e+09
1.611842845392999887e+09
1.611842845394000053e+09
1.611842845394999981e+09
1.611842845394999981e+09
1.611842845395999908e+09
1.611842845398999929e+09
1.611842845398999929e+09
1.611842845400000095e+09
1.611842845401000023e+09
1.611842845401000023e+09
1.611842845404000044e+09
1.611842845405999899e+09
1.611842845407000065e+09
1.611842845407999992e+09
1.611842845410000086e+09
1.611842845410000086e+09
1.611842845413000107e+09
1.611842845414000034e+09
1.611842845414999962e+09
1.611842845414999962e+09
1.611842845417999983e+09
1.611842845417999983e+09
1.611842845418999910e+09
1.611842845421999931e+09
1.611842845421999931e+09
1.611842845423000097e+09
1.611842845424000025e+09
1.611842845426000118e+09
1.611842845426000118e+09
1.611842845427000046e+09
1.611842845427999973e+09
1.611842845427999973e+09
1.611842845428999901e+09
1.611842845430000067e+09
1.611842845431999922e+09
1.611842845434999943e+09
1.611842845434999943e+09
1.611842845436000109e+09
1.611842845437000036e+09
1.611842845437999964e+09
1.611842845437999964e+09
1.611842845438999891e+09
1.611842845440999985e+09
1.611842845441999912e+09
1.611842845441999912e+09
1.611842845443000078e+09
1.611842845444000006e+09
1.611842845444000006e+09
1.611842845447000027e+09
1.611842845447999954e+09
1.611842845447999954e+09
1.611842845448999882e+09
1.611842845450999975e+09
1.611842845453999996e+09
1.611842845454999924e+09
1.611842845454999924e+09
1.611842845456000090e+09
1.611842845457000017e+09
1.611842845457000017e+09
1.611842845460000038e+09
1.611842845460999966e+09
1.611842845460999966e+09
1.611842845461999893e+09
1.611842845461999893e+09
1.611842845463000059e+09
1.611842845466000080e+09
1.611842845467000008e+09
1.611842845467000008e+09
1.611842845467999935e+09
1.611842845469000101e+09
1.611842845470999956e+09
1.611842845471999884e+09
1.611842845471999884e+09
1.611842845473000050e+09
1.611842845473999977e+09
1.611842845476000071e+09
1.611842845476999998e+09
1.611842845476999998e+09
1.611842845477999926e+09
1.611842845482000113e+09
1.611842845483000040e+09
1.611842845483000040e+09
1.611842845483999968e+09
1.611842845486000061e+09
1.611842845489000082e+09
1.611842845490000010e+09
1.611842845492000103e+09
1.611842845493000031e+09
1.611842845493999958e+09
1.611842845493999958e+09
1.611842845494999886e+09
1.611842845497999907e+09
1.611842845499000072e+09
1.611842845499000072e+09
1.611842845500000000e+09
1.611842845500999928e+09
1.611842845502000093e+09
1.611842845502000093e+09
1.611842845503000021e+09
1.611842845505000114e+09
1.611842845506999969e+09
1.611842845507999897e+09
1.611842845509000063e+09
1.611842845509000063e+09
1.611842845509999990e+09
1.611842845513000011e+09
1.611842845516000032e+09
1.611842845516999960e+09
1.611842845516999960e+09
1.611842845517999887e+09
1.611842845519000053e+09
1.611842845519000053e+09
1.611842845519999981e+09
1.611842845520999908e+09
1.611842845520999908e+09
1.611842845523999929e+09
1.611842845525000095e+09
1.611842845525000095e+09
1.611842845526000023e+09
1.611842845526999950e+09
1.611842845526999950e+09
1.611842845528000116e+09
1.611842845530999899e+09
1.611842845532000065e+09
1.611842845532999992e+09
1.611842845533999920e+09
1.611842845535000086e+09
1.611842845536000013e+09
1.611842845536999941e+09
1.611842845539000034e+09
1.611842845539999962e+09
1.611842845540999889e+09
1.611842845542999983e+09
1.611842845543999910e+09
1.611842845546000004e+09
1.611842845546999931e+09
1.611842845549000025e+09
1.611842845549999952e+09
1.611842845551000118e+09
1.611842845552000046e+09
1.611842845552999973e+09
1.611842845553999901e+09
1.611842845555000067e+09
1.611842845555999994e+09
1.611842845555999994e+09
1.611842845559000015e+09
1.611842845559000015e+09
1.611842845559999943e+09
1.611842845562000036e+09
1.611842845562999964e+09
1.611842845563999891e+09
1.611842845565999985e+09
1.611842845566999912e+09
1.611842845568000078e+09
1.611842845571000099e+09
1.611842845571000099e+09
1.611842845572000027e+09
1.611842845575999975e+09
1.611842845576999903e+09
1.611842845576999903e+09
1.611842845578000069e+09
1.611842845578999996e+09
1.611842845579999924e+09
1.611842845581000090e+09
1.611842845585999966e+09
1.611842845586999893e+09
1.611842845586999893e+09
1.611842845588000059e+09
1.611842845588999987e+09
1.611842845589999914e+09
1.611842845591000080e+09
1.611842845592000008e+09
1.611842845592999935e+09
1.611842845594000101e+09
1.611842845595000029e+09
1.611842845595999956e+09
1.611842845595999956e+09
1.611842845596999884e+09
1.611842845599999905e+09
1.611842845601000071e+09
1.611842845601000071e+09
1.611842845601999998e+09
1.611842845602999926e+09
1.611842845605000019e+09
1.611842845607000113e+09
1.611842845608000040e+09
1.611842845608999968e+09
1.611842845608999968e+09
1.611842845609999895e+09
1.611842845611000061e+09
1.611842845611999989e+09
1.611842845615000010e+09
1.611842845617000103e+09
1.611842845618000031e+09
1.611842845618999958e+09
1.611842845619999886e+09
1.611842845621000051e+09
1.611842845621999979e+09
1.611842845625000000e+09
1.611842845625999928e+09
1.611842845627000093e+09
1.611842845627000093e+09
1.611842845628000021e+09
1.611842845628999949e+09
1.611842845631999969e+09
1.611842845632999897e+09
1.611842845632999897e+09
1.611842845634000063e+09
1.611842845634999990e+09
1.611842845635999918e+09
1.611842845637000084e+09
1.611842845638000011e+09
1.611842845638999939e+09
1.611842845640000105e+09
1.611842845641000032e+09
1.611842845641999960e+09
1.611842845641999960e+09
1.611842845642999887e+09
1.611842845644000053e+09
1.611842845644999981e+09
1.611842845648000002e+09
1.611842845648999929e+09
1.611842845648999929e+09
1.611842845650000095e+09
1.611842845651000023e+09
1.611842845651999950e+09
1.611842845653000116e+09
1.611842845654000044e+09
1.611842845655999899e+09
1.611842845657000065e+09
1.611842845657000065e+09
1.611842845660000086e+09
1.611842845661000013e+09
1.611842845663000107e+09
1.611842845665999889e+09
1.611842845665999889e+09
1.611842845668999910e+09
1.611842845670000076e+09
1.611842845671000004e+09
1.611842845674000025e+09
1.611842845674999952e+09
1.611842845674999952e+09
1.611842845676000118e+09
1.611842845677999973e+09
1.611842845678999901e+09
1.611842845680000067e+09
1.611842845680999994e+09
1.611842845681999922e+09
1.611842845681999922e+09
1.611842845683000088e+09
1.611842845686000109e+09
1.611842845687000036e+09
1.611842845687999964e+09
1.611842845688999891e+09
1.611842845690000057e+09
1.611842845690999985e+09
1.611842845691999912e+09
1.611842845691999912e+09
1.611842845694000006e+09
1.611842845694999933e+09
1.611842845696000099e+09
1.611842845697000027e+09
1.611842845697000027e+09
1.611842845697999954e+09
1.611842845698999882e+09
1.611842845700000048e+09
1.611842845700999975e+09
1.611842845701999903e+09
1.611842845704999924e+09
1.611842845706000090e+09
1.611842845707000017e+09
1.611842845707000017e+09
1.611842845707999945e+09
1.611842845709000111e+09
1.611842845710000038e+09
1.611842845711999893e+09
1.611842845713000059e+09
1.611842845713000059e+09
1.611842845713999987e+09
1.611842845714999914e+09
1.611842845716000080e+09
1.611842845716000080e+09
1.611842845717999935e+09
1.611842845719000101e+09
1.611842845720000029e+09
1.611842845723000050e+09
1.611842845723000050e+09
1.611842845723999977e+09
1.611842845726000071e+09
1.611842845726999998e+09
1.611842845727999926e+09
1.611842845730000019e+09
1.611842845730999947e+09
1.611842845732000113e+09
1.611842845733000040e+09
1.611842845733999968e+09
1.611842845734999895e+09
1.611842845736000061e+09
1.611842845736999989e+09
1.611842845737999916e+09
1.611842845739000082e+09
1.611842845743000031e+09
1.611842845743999958e+09
1.611842845744999886e+09
1.611842845746000051e+09
1.611842845746000051e+09
1.611842845746999979e+09
1.611842845747999907e+09
1.611842845750999928e+09
1.611842845752000093e+09
1.611842845752000093e+09
1.611842845753000021e+09
1.611842845753999949e+09
1.611842845755000114e+09
1.611842845757999897e+09
1.611842845759000063e+09
1.611842845759999990e+09
1.611842845760999918e+09
1.611842845762000084e+09
1.611842845765000105e+09
1.611842845766000032e+09
1.611842845766999960e+09
1.611842845767999887e+09
1.611842845769000053e+09
1.611842845769000053e+09
1.611842845769999981e+09
1.611842845770999908e+09
1.611842845772000074e+09
1.611842845773000002e+09
1.611842845773999929e+09
1.611842845775000095e+09
1.611842845776000023e+09
1.611842845776999950e+09
1.611842845776999950e+09
1.611842845778000116e+09
1.611842845779000044e+09
1.611842845779999971e+09
1.611842845780999899e+09
1.611842845782000065e+09
1.611842845785000086e+09
1.611842845785000086e+09
1.611842845786000013e+09
1.611842845786999941e+09
1.611842845788000107e+09
1.611842845789000034e+09
1.611842845789999962e+09
1.611842845790999889e+09
1.611842845792000055e+09
1.611842845792999983e+09
1.611842845793999910e+09
1.611842845793999910e+09
1.611842845795000076e+09
1.611842845796000004e+09
1.611842845796999931e+09
1.611842845798000097e+09
1.611842845801000118e+09
1.611842845802000046e+09
1.611842845803999901e+09
1.611842845803999901e+09
1.611842845805000067e+09
1.611842845805999994e+09
1.611842845809000015e+09
1.611842845809999943e+09
1.611842845811000109e+09
1.611842845811000109e+09
1.611842845812000036e+09
1.611842845812999964e+09
1.611842845813999891e+09
1.611842845813999891e+09
1.611842845815000057e+09
1.611842845815999985e+09
1.611842845816999912e+09
1.611842845816999912e+09
1.611842845818000078e+09
1.611842845819000006e+09
1.611842845822000027e+09
1.611842845822000027e+09
1.611842845822999954e+09
1.611842845823999882e+09
1.611842845825000048e+09
1.611842845825000048e+09
1.611842845825999975e+09
1.611842845826999903e+09
1.611842845828000069e+09
1.611842845828999996e+09
1.611842845829999924e+09
1.611842845831000090e+09
1.611842845832000017e+09
1.611842845832999945e+09
1.611842845832999945e+09
1.611842845835999966e+09
1.611842845838999987e+09
1.611842845838999987e+09
1.611842845844000101e+09
1.611842845845000029e+09
1.611842845845999956e+09
1.611842845846999884e+09
1.611842845848000050e+09
1.611842845848000050e+09
1.611842845848999977e+09
1.611842845849999905e+09
1.611842845851000071e+09
1.611842845851000071e+09
1.611842845851999998e+09
1.611842845852999926e+09
1.611842845854000092e+09
1.611842845857000113e+09
1.611842845858000040e+09
1.611842845858000040e+09
1.611842845858999968e+09
1.611842845859999895e+09
1.611842845861000061e+09
1.611842845861999989e+09
